# Force and moment coefficients
# dragDir               : (1.0000000000000000e+00 0.0000000000000000e+00 0.0000000000000000e+00)
# sideDir               : (0.0000000000000000e+00 1.0000000000000000e+00 0.0000000000000000e+00)
# liftDir               : (0.0000000000000000e+00 0.0000000000000000e+00 1.0000000000000000e+00)
# rollAxis              : (1.0000000000000000e+00 0.0000000000000000e+00 0.0000000000000000e+00)
# pitchAxis             : (0.0000000000000000e+00 1.0000000000000000e+00 0.0000000000000000e+00)
# yawAxis               : (0.0000000000000000e+00 0.0000000000000000e+00 1.0000000000000000e+00)
# magUInf               : 3.8889000000000003e+01
# lRef                  : 2.7861799999999999e+00
# Aref                  : 2.1699999999999999e+00
# CofR                  : (1.4000900000000001e+00 0.0000000000000000e+00 -3.1759999999999999e-01)
#
# Time                  	Cd                      	Cd(f)                   	Cd(r)                   	Cl                      	Cl(f)                   	Cl(r)                   	CmPitch                 	CmRoll                  	CmYaw                   	Cs                      	Cs(f)                   	Cs(r)                   
1                       	1.0977060515863026e+00	5.4520598604209458e-01	5.5250006554420794e-01	-4.6611030371082296e-01	-3.0878152590167924e-02	-4.3523215112065505e-01	2.0217699926524357e-01	-3.6470397510566799e-03	9.4725431586726687e-03	6.0393514312254148e-03	1.2492218874285376e-02	-6.4528674430599604e-03
2                       	8.1150634389330145e-01	4.0183906047267337e-01	4.0966728342062808e-01	-4.9731365874562655e-01	-1.8661298649353059e-01	-3.1070067225209597e-01	6.2043842879282683e-02	-3.9141114739773422e-03	4.0705400816231189e-03	7.4434783847962495e-03	7.7922792740212432e-03	-3.4880088922499455e-04
3                       	4.7410215270095923e-01	2.3301906592025529e-01	2.4108308678070395e-01	-4.1701348057810717e-01	-2.4610009253220028e-01	-1.7091338804590689e-01	-3.7593352243146715e-02	-4.0320104302243231e-03	1.5243697040411052e-03	6.0722785112702045e-03	4.5605089596762070e-03	1.5117695515939973e-03
4                       	3.0542154827726925e-01	1.4889187047207450e-01	1.5652967780519472e-01	-3.5131186192262082e-01	-2.4954527748960453e-01	-1.0176658443301627e-01	-7.3889346528294125e-02	-3.8189036665600955e-03	1.8832358419820067e-03	5.5725146178618665e-03	4.6694931509129404e-03	9.0302146694892652e-04
5                       	2.7155543038148783e-01	1.3221171536261608e-01	1.3934371501887172e-01	-3.3945012037961281e-01	-2.4846909997574088e-01	-9.0981020403871932e-02	-7.8744039785934472e-02	-3.5659998281278287e-03	3.3120297005313072e-03	6.1555927012750030e-03	6.3898260511688091e-03	-2.3423334989380580e-04
6                       	3.0786689812058671e-01	1.5036384077973847e-01	1.5750305734084824e-01	-3.6567028979378802e-01	-2.5354801927781356e-01	-1.1212227051597441e-01	-7.0712874380919596e-02	-3.5696082805548768e-03	4.6397255322225993e-03	6.9164811349439175e-03	8.0979660996945580e-03	-1.1814849647506403e-03
7                       	3.5922989870790095e-01	1.7577558041771768e-01	1.8345431829018327e-01	-3.9633456241090209e-01	-2.5716051840170168e-01	-1.3917404400920039e-01	-5.8993237196250645e-02	-3.8393689362328084e-03	5.3640139706731651e-03	7.7322575543052911e-03	9.2301427478258102e-03	-1.4978851935205193e-03
8                       	3.9817129768910170e-01	1.9488826944119877e-01	2.0328302824790292e-01	-4.0877976121778253e-01	-2.5481385682435498e-01	-1.5396590439342756e-01	-5.0423976215463698e-02	-4.1973794033520664e-03	5.4787191429312692e-03	8.4595415406627465e-03	9.7084899132626416e-03	-1.2489483725998953e-03
9                       	4.2151649288230453e-01	2.0633723743698662e-01	2.1517925544531791e-01	-3.9701614107079702e-01	-2.4577506451866932e-01	-1.5124107655212773e-01	-4.7266993983270778e-02	-4.4210090041656531e-03	5.2892671146540660e-03	8.9137996592748570e-03	9.7461669442914945e-03	-8.3236728501663712e-04
10                      	4.3250540372558172e-01	2.1179783663680340e-01	2.2070756708877831e-01	-3.6102477863184085e-01	-2.3011469950959185e-01	-1.3091007912224903e-01	-4.9602310193671423e-02	-4.4548652259874411e-03	4.9054676304962040e-03	8.8412655921844430e-03	9.3261004265884247e-03	-4.8483483440398250e-04
11                      	4.3722131537295422e-01	2.1424602157038442e-01	2.2297529380256981e-01	-3.1115629596456379e-01	-2.1074603886401885e-01	-1.0041025710054495e-01	-5.5167890881736958e-02	-4.3646361160926943e-03	4.4013466672525878e-03	8.4040682957012558e-03	8.6033808151032166e-03	-1.9931251940195975e-04
12                      	4.3968536675449327e-01	2.1560981794476308e-01	2.2407554880973021e-01	-2.6020042792462411e-01	-1.9144438027900540e-01	-6.8756047645618698e-02	-6.1344166316693358e-02	-4.2328654324835712e-03	3.8757786287749729e-03	7.8394387776043531e-03	7.7954980175771503e-03	4.3940760027204044e-05
13                      	4.4160570026862589e-01	2.1665156040997938e-01	2.2495413985864648e-01	-2.1712247346596861e-01	-1.7401512860694893e-01	-4.3107344859019688e-02	-6.5453891873964609e-02	-4.1512897243335609e-03	3.4444547438960645e-03	7.3947913807157449e-03	7.1418504342539366e-03	2.5294094646180769e-04
14                      	4.4277711259654390e-01	2.1730397124967973e-01	2.2547314134686416e-01	-1.8776437621422667e-01	-1.5981746472786945e-01	-2.7946911486357227e-02	-6.5935276620756114e-02	-4.0845850485922083e-03	3.0775708240796482e-03	6.9983394951097927e-03	6.5767405716345437e-03	4.2159892347524774e-04
15                      	4.4321946782587646e-01	2.1765157163962071e-01	2.2556789618625575e-01	-1.7138394898990494e-01	-1.4952457827155657e-01	-2.1859370718348349e-02	-6.3832603776604116e-02	-3.9581622733175252e-03	2.7645845254142916e-03	6.5985431670051997e-03	6.0638561089168923e-03	5.3468705808830841e-04
16                      	4.4314946361477514e-01	2.1781373829162190e-01	2.2533572532315327e-01	-1.6382836246756352e-01	-1.4270973051949387e-01	-2.1118631948069636e-02	-6.0795549285712125e-02	-3.7609935157657025e-03	2.5367432976899844e-03	6.1407522919313630e-03	5.6071194436556658e-03	5.3363284827569722e-04
17                      	4.4272811143294827e-01	2.1787787936506883e-01	2.2485023206787946e-01	-1.5786000113628709e-01	-1.3727466806423738e-01	-2.0585333072049711e-02	-5.8344667496093836e-02	-3.4861763514053112e-03	2.2994513193888666e-03	5.6983505595120387e-03	5.1486265991448855e-03	5.4972396036715300e-04
18                      	4.4182095145709915e-01	2.1769545302202878e-01	2.2412549843507035e-01	-1.4743368748719107e-01	-1.3146365175068214e-01	-1.5970035736508945e-02	-5.7746808007086592e-02	-3.2150227065207882e-03	2.1838189368301873e-03	5.3714942126955193e-03	4.8695660431779470e-03	5.0192816951757262e-04
19                      	4.4072126663075645e-01	2.1736917678014117e-01	2.2335208985061528e-01	-1.3087856958547439e-01	-1.2433057531727994e-01	-6.5479942681944733e-03	-5.8891290524542728e-02	-2.9914565352370404e-03	2.2865855782883628e-03	5.1181458474613695e-03	4.8456585020190471e-03	2.7248734544232196e-04
20                      	4.4027433413436912e-01	2.1726023899529953e-01	2.2301409513906961e-01	-1.0857022786269709e-01	-1.1538916548962204e-01	6.8189376269249501e-03	-6.1104051558273496e-02	-2.8769280718850426e-03	2.4763090042874232e-03	5.1127924429210155e-03	5.0327052257479309e-03	8.0087217173084997e-05
21                      	4.4050082903920507e-01	2.1738867257715519e-01	2.2311215646204990e-01	-8.2233218242347902e-02	-1.0457370067437763e-01	2.2340482432029740e-02	-6.3457091553203684e-02	-2.8617419424473724e-03	2.7246939009411462e-03	5.3334339852622505e-03	5.3914108935722719e-03	-5.7976908310020746e-05
22                      	4.4076284261973780e-01	2.1743792733127773e-01	2.2332491528846005e-01	-5.5797560208091089e-02	-9.3269055433430781e-02	3.7471495225339685e-02	-6.5370275329385233e-02	-2.9434939785911696e-03	2.9377926118158222e-03	5.9715176346715106e-03	5.9235514291515780e-03	4.7966205519932976e-05
23                      	4.4066725131122914e-01	2.1719127824083090e-01	2.2347597307039824e-01	-3.1956654678073765e-02	-8.2360322867531519e-02	5.0403668189457754e-02	-6.6381995528494636e-02	-3.1423474147836720e-03	3.0928436462049334e-03	7.1153358058409560e-03	6.6505115491254114e-03	4.6482425671554462e-04
24                      	4.4011253018742713e-01	2.1662903117154866e-01	2.2348349901587847e-01	-9.7652149463386979e-03	-7.1581766605991720e-02	6.1816551659653017e-02	-6.6699159132822372e-02	-3.4272339221649052e-03	3.2795897415830921e-03	8.8414837856759434e-03	7.7003316344210638e-03	1.1411521512548796e-03
25                      	4.3945763963604983e-01	2.1596970414967936e-01	2.2348793548637050e-01	1.1572984127856758e-02	-6.1613676170560003e-02	7.3186660298416750e-02	-6.7400168234488370e-02	-3.7591156683455472e-03	3.6779989841141361e-03	1.0995302903056513e-02	9.1756504356423924e-03	1.8196524674141210e-03
26                      	4.3910369244526587e-01	2.1541001256323486e-01	2.2369367988203101e-01	3.1257434822567813e-02	-5.3443204541176362e-02	8.4700639363744182e-02	-6.9071921952460272e-02	-4.1418336593980693e-03	4.3485598784750515e-03	1.3464450415532399e-02	1.1080785086241251e-02	2.3836653292911487e-03
27                      	4.3912623299348869e-01	2.1498114787807696e-01	2.2414508511541173e-01	4.6620783118603085e-02	-4.7573689633609376e-02	9.4194472752212460e-02	-7.0884081192910911e-02	-4.5819686186673982e-03	5.0637999049522693e-03	1.5767921040086726e-02	1.2947760424995632e-02	2.8201606150910939e-03
28                      	4.3946809803811804e-01	2.1477809643596096e-01	2.2469000160215707e-01	5.4970129734045935e-02	-4.4625377361851647e-02	9.9595507095897567e-02	-7.2110442228874611e-02	-4.9559525830980599e-03	5.6163618364764908e-03	1.7374613120186677e-02	1.4303668396569829e-02	3.0709447236168478e-03
29                      	4.3973490227968448e-01	2.1468731597287533e-01	2.2504758630680916e-01	5.5576928618230367e-02	-4.5210933683495769e-02	1.0078786230172614e-01	-7.2999397992610945e-02	-5.1801351669669036e-03	5.8500340677253007e-03	1.8038945764140068e-02	1.4869506949795334e-02	3.1694388143447328e-03
30                      	4.3938582060529940e-01	2.1442790928736538e-01	2.2495791131793400e-01	5.1366966056818314e-02	-4.8101307323969604e-02	9.9468273380787925e-02	-7.3784790352378768e-02	-5.2650010152843129e-03	5.5256951462431944e-03	1.7553845104882459e-02	1.4302617698684425e-02	3.2512274061980355e-03
31                      	4.3812268915410130e-01	2.1386850155008902e-01	2.2425418760401228e-01	4.4940454688587123e-02	-5.1719114984962893e-02	9.6659569673550008e-02	-7.4189342329256447e-02	-5.1928430269616282e-03	4.7643227202648838e-03	1.5977023394830474e-02	1.2752834417680119e-02	3.2241889771503522e-03
32                      	4.3608912219136597e-01	2.1303167453935884e-01	2.2305744765200716e-01	3.7927467156766217e-02	-5.4672951120083274e-02	9.2600418276849492e-02	-7.3636684698466390e-02	-5.0128865563241649e-03	3.7949096048552336e-03	1.3905731468366104e-02	1.0747775339038286e-02	3.1579561293278179e-03
33                      	4.3372497219591660e-01	2.1200469409685269e-01	2.2172027809906389e-01	3.1160759570988301e-02	-5.6600167582690132e-02	8.7760927153678434e-02	-7.2180547368184286e-02	-4.8577920011056031e-03	2.7567114954819448e-03	1.1839727718559812e-02	8.6765753547618507e-03	3.1631523637979612e-03
34                      	4.3144134403348605e-01	2.1094896847131603e-01	2.2049237556217002e-01	2.7010495683084446e-02	-5.6866851172619554e-02	8.3877346855703985e-02	-7.0372099014161776e-02	-4.7717035454270008e-03	1.7281252214605906e-03	1.0045191852896674e-02	6.7507211479089268e-03	3.2944707049877460e-03
35                      	4.2952391507834176e-01	2.1013897653323860e-01	2.1938493854510316e-01	2.6954016255208751e-02	-5.5388072750148232e-02	8.2342089005356986e-02	-6.8865080877752602e-02	-4.6229810059322919e-03	8.0210164124370868e-04	8.5614085884650019e-03	5.0828059354762097e-03	3.4786026529887923e-03
36                      	4.2872756685769570e-01	2.1003759942091788e-01	2.1868996743677779e-01	3.0330142542732291e-02	-5.2636951714048606e-02	8.2967094256780893e-02	-6.7802022985414753e-02	-4.3261840079299686e-03	-4.0248593457283178e-05	7.4658424605754479e-03	3.6926726368304405e-03	3.7731698237450069e-03
37                      	4.2954094587306507e-01	2.1069554927049625e-01	2.1884539660256885e-01	3.4697604509500560e-02	-4.9989548712250156e-02	8.4687153221750716e-02	-6.7338350967000429e-02	-4.0749236660362880e-03	-7.9419605706683948e-04	6.9983013318611932e-03	2.7049546088637570e-03	4.2933467229974353e-03
38                      	4.3165568452925646e-01	2.1185150499742417e-01	2.1980417953183226e-01	3.7093836442722045e-02	-4.8809701048976487e-02	8.5903537491698531e-02	-6.7356619270337509e-02	-3.9763372672040366e-03	-1.1165780837305635e-03	7.1526658099894062e-03	2.4597548212641398e-03	4.6929109887252664e-03
39                      	4.3440221583303879e-01	2.1309632320810734e-01	2.2130589262493142e-01	3.5928775165275137e-02	-4.9190171952540593e-02	8.5118947117815730e-02	-6.7154559535178154e-02	-4.1047847084120402e-03	-9.4226791956508607e-04	7.8930661703931169e-03	3.0042651656314720e-03	4.8888010047616441e-03
40                      	4.3678392004381034e-01	2.1409585197775885e-01	2.2268806806605146e-01	3.1795372228285060e-02	-5.0260478689132138e-02	8.2055850917417211e-02	-6.6158164803274674e-02	-4.2961080441463158e-03	-4.3964962195639228e-04	8.6718577410273018e-03	3.8962792485572584e-03	4.7755784924700439e-03
41                      	4.3766647371150325e-01	2.1440554188885913e-01	2.2326093182264412e-01	2.7110726773702937e-02	-5.1320529788181905e-02	7.8431256561884849e-02	-6.4875893175033381e-02	-4.4276949668924925e-03	2.2757450149388567e-04	9.3348353571815392e-03	4.8949921800846546e-03	4.4398431770968838e-03
42                      	4.3639774103101070e-01	2.1365899238336777e-01	2.2273874864764290e-01	2.3015454171398983e-02	-5.2941162141321246e-02	7.5956616312720229e-02	-6.4448889227020731e-02	-4.5398781321375654e-03	8.8496888967005494e-04	1.0056221913066389e-02	5.9130798462032497e-03	4.1431420668631399e-03
43                      	4.3332332618813796e-01	2.1199543669250917e-01	2.2132788949562882e-01	2.0290847287614724e-02	-5.4973209678664051e-02	7.5264056966278775e-02	-6.5118633322471420e-02	-4.6662264015598347e-03	1.2057360579515448e-03	1.1132699548258147e-02	6.7720858320806177e-03	4.3606137161775280e-03
44                      	4.2905125441943492e-01	2.0974152886270642e-01	2.1930972555672851e-01	1.8798815996192590e-02	-5.7073030238269332e-02	7.5871846234461929e-02	-6.6472438236365630e-02	-4.7840983470110419e-03	1.0738763858202608e-03	1.2310087526437013e-02	7.2289201490387672e-03	5.0811673773982456e-03
45                      	4.2380503518761126e-01	2.0702479022079912e-01	2.1678024496681211e-01	1.8630332803272080e-02	-5.8295282042288531e-02	7.6925614845560597e-02	-6.7610448443924567e-02	-4.8777273730065034e-03	6.6604748025765506e-04	1.3189358726102824e-02	7.2607268433090670e-03	5.9286318827937575e-03
46                      	4.1761477838507194e-01	2.0391486961089691e-01	2.1369990877417500e-01	2.1666459174922974e-02	-5.6333564505881985e-02	7.8000023680804956e-02	-6.7166794093343474e-02	-4.8925195816390404e-03	2.7498146412505110e-04	1.3401752875824806e-02	6.9758579020374545e-03	6.4258949737873525e-03
47                      	4.1105399607482984e-01	2.0077017127607519e-01	2.1028382479875463e-01	2.7618875159659370e-02	-5.1024961503027690e-02	7.8643836662687053e-02	-6.4834399082857375e-02	-4.7568267613397148e-03	5.9843417828137530e-05	1.2927876153615278e-02	6.5237814946357770e-03	6.4040946589795020e-03
48                      	4.0492507998277377e-01	1.9796664855979837e-01	2.0695843142297543e-01	3.3304085466325753e-02	-4.4808657930248089e-02	7.8112743396573855e-02	-6.1460700663410965e-02	-4.4958914315885203e-03	8.6575652076395569e-06	1.2400047004656431e-02	6.2086810675358551e-03	6.1913659371205755e-03
49                      	3.9948166902092119e-01	1.9549252240317902e-01	2.0398914661774217e-01	3.5340678321050659e-02	-3.9973188155206500e-02	7.5313866476257166e-02	-5.7643527315731830e-02	-4.2483121072815792e-03	2.8647127155019775e-04	1.2620349977876984e-02	6.5966462604886899e-03	6.0237037173882946e-03
50                      	3.9514395476599040e-01	1.9338365847306171e-01	2.0176029629292869e-01	3.2526559982715343e-02	-3.7197659979522332e-02	6.9724219962237682e-02	-5.3460939970880000e-02	-4.1883189099334956e-03	9.6455529586103725e-04	1.3878335286282132e-02	7.9037229390021019e-03	5.9746123472800292e-03
51                      	3.9217709688540109e-01	1.9182119050501273e-01	2.0035590638038836e-01	2.5566743696694767e-02	-3.5914502606558284e-02	6.1481246303253058e-02	-4.8697874454905671e-02	-4.2673579376878374e-03	1.8404765255477058e-03	1.5502069896764422e-02	9.5915114739299166e-03	5.9105584228345050e-03
52                      	3.9020753987009449e-01	1.9077034794673015e-01	1.9943719192336434e-01	1.6211496619059192e-02	-3.5288040635048680e-02	5.1499537254107872e-02	-4.3393788944578272e-02	-4.3334219883170806e-03	2.4596510979107938e-03	1.6628107702445272e-02	1.0773704949133430e-02	5.8544027533118416e-03
53                      	3.8874076231885779e-01	1.9004989257070146e-01	1.9869086974815633e-01	7.2567967898580291e-03	-3.4631373531330265e-02	4.1888170321188301e-02	-3.8259771926259283e-02	-4.3204885887274417e-03	2.7109972242975733e-03	1.6694657217735435e-02	1.1058325833165291e-02	5.6363313845701436e-03
54                      	3.8739161929365823e-01	1.8944161164229922e-01	1.9795000765135903e-01	3.5412632827140200e-04	-3.4161553184735349e-02	3.4515679513006756e-02	-3.4338616348871052e-02	-4.2541980045299162e-03	2.6739270019180612e-03	1.5905768995261978e-02	1.0626811499549050e-02	5.2789574957129281e-03
55                      	3.8607329041366834e-01	1.8879195052064252e-01	1.9728133989302582e-01	-3.7673347126858641e-03	-3.4122518315172420e-02	3.0355183602486548e-02	-3.2238850958829487e-02	-4.2446946861916645e-03	2.3999182283049128e-03	1.5103117003874832e-02	9.9514767302423292e-03	5.1516402736325028e-03
56                      	3.8466294218752495e-01	1.8790233638891610e-01	1.9676060579860885e-01	-6.1485592516517477e-03	-3.4560019730371191e-02	2.8411460478719446e-02	-3.1485740104545315e-02	-4.4291347048463665e-03	2.1482420105932930e-03	1.4796777694766419e-02	9.5466308579765027e-03	5.2501468367899167e-03
57                      	3.8325869619105890e-01	1.8673540519414372e-01	1.9652329099691521e-01	-8.2381490779673064e-03	-3.5362029035707204e-02	2.7123879957739891e-02	-3.1242954496723548e-02	-4.8939429013857569e-03	2.2631428713802684e-03	1.5236914322343063e-02	9.8816000325518006e-03	5.3553142897912629e-03
58                      	3.8194466748355027e-01	1.8544783650211452e-01	1.9649683098143575e-01	-1.1372613205224643e-02	-3.6225543337784598e-02	2.4852930132559951e-02	-3.0539236735172275e-02	-5.5244972396605984e-03	2.8490324279387305e-03	1.5970875250427351e-02	1.0834470053152405e-02	5.1364051972749448e-03
59                      	3.8056933378438007e-01	1.8413280486658251e-01	1.9643652891779756e-01	-1.5174302406972928e-02	-3.6644404460518906e-02	2.1470102053545978e-02	-2.9057253257032442e-02	-6.1518620256075345e-03	3.6527564298772584e-03	1.6499710480425162e-02	1.1902611670089840e-02	4.5970988103353223e-03
60                      	3.7874931911145865e-01	1.8267711657594624e-01	1.9607220253551241e-01	-1.8483586692211614e-02	-3.6587040709841985e-02	1.8103454017630374e-02	-2.7345247363736180e-02	-6.6975429797830810e-03	4.3450937255464445e-03	1.6729967931406738e-02	1.2710077691249815e-02	4.0198902401569255e-03
61                      	3.7623427981479540e-01	1.8101490205163068e-01	1.9521937776316473e-01	-2.0454060624883377e-02	-3.6372162591143627e-02	1.5918101966260256e-02	-2.6145132278701945e-02	-7.1022378557670206e-03	4.7562591526629783e-03	1.6946871448207914e-02	1.3229694876766935e-02	3.7171765714409779e-03
62                      	3.7307579295409027e-01	1.7920134596664952e-01	1.9387444698744072e-01	-2.0493251153683265e-02	-3.5868681858976265e-02	1.5375430705293000e-02	-2.5622056282134632e-02	-7.3365505103956032e-03	4.7769618892645688e-03	1.7507626896816331e-02	1.3530775337672735e-02	3.9768515591435977e-03
63                      	3.6971672680238438e-01	1.7744858658319163e-01	1.9226814021919278e-01	-1.8500779994230394e-02	-3.5166729541380705e-02	1.6665949547150311e-02	-2.5916339544265504e-02	-7.4097768180005916e-03	4.3038643785706515e-03	1.8555147069740440e-02	1.3581437913440872e-02	4.9737091562995685e-03
64                      	3.6665051163293294e-01	1.7600850029688309e-01	1.9064201133604988e-01	-1.4528105631143784e-02	-3.4295165530203453e-02	1.9767059899059667e-02	-2.7031112714631558e-02	-7.3167555195833974e-03	3.4433285888627232e-03	1.9806428904438570e-02	1.3346543041082008e-02	6.4598858633565627e-03
65                      	3.6434256347584071e-01	1.7509110324677263e-01	1.8925146022906811e-01	-9.2719456169382299e-03	-3.3559017431357203e-02	2.4287071814418974e-02	-2.8923044622888087e-02	-7.0801784911477261e-03	2.5707473033589026e-03	2.0733239517631844e-02	1.2937367062174826e-02	7.7958724554570199e-03
66                      	3.6283467065293945e-01	1.7463875615153424e-01	1.8819591450140521e-01	-3.9995297524300574e-03	-3.3794536390046412e-02	2.9795006637616354e-02	-3.1794771513831387e-02	-6.7785791749354826e-03	2.0041291594524958e-03	2.1160638725160628e-02	1.2584448522032811e-02	8.5761902031278175e-03
67                      	3.6147846032742714e-01	1.7419200105782440e-01	1.8728645926960277e-01	1.4974925047870750e-03	-3.5066778109195736e-02	3.6564270613982812e-02	-3.5815524361589274e-02	-6.5472291058891966e-03	1.8538689903332874e-03	2.1645690742737502e-02	1.2676714361702037e-02	8.9689763810354636e-03
68                      	3.5981885604716951e-01	1.7347581131762010e-01	1.8634304472954938e-01	8.1220321153367119e-03	-3.6853691706532035e-02	4.4975723821868749e-02	-4.0914707764200392e-02	-6.4336167059646353e-03	2.0951468290322651e-03	2.2485826795605540e-02	1.3338060226835036e-02	9.1477665687705045e-03
69                      	3.5751809123358369e-01	1.7233721902424018e-01	1.8518087220934351e-01	1.6362931386271241e-02	-3.8477032298766381e-02	5.4839963685037615e-02	-4.6658497991901998e-02	-6.4218265925516703e-03	2.6191655441664650e-03	2.3497678391333505e-02	1.4368004739833217e-02	9.1296736515002856e-03
70                      	3.5471781544038189e-01	1.7089544536753418e-01	1.8382237007284771e-01	2.6148129822076312e-02	-3.9042127140358651e-02	6.5190256962434953e-02	-5.2116192051396802e-02	-6.4634623526567741e-03	3.3325306214328295e-03	2.4166159366046758e-02	1.5415610304456208e-02	8.7505490615905502e-03
71                      	3.5224464927900601e-01	1.6959382254835087e-01	1.8265082673065514e-01	3.6973460671809774e-02	-3.8083267127162153e-02	7.5056727798971934e-02	-5.6569997463067040e-02	-6.5285020911521252e-03	3.9811435071007394e-03	2.4233713812934220e-02	1.6098000413567851e-02	8.1357133993663726e-03
72                      	3.5053135370223548e-01	1.6861717008313254e-01	1.8191418361910291e-01	4.7112023596604734e-02	-3.6423887694659131e-02	8.3535911291263865e-02	-5.9979899492961501e-02	-6.6485067679851965e-03	4.4425387880993655e-03	2.3771431890205655e-02	1.6328254733202194e-02	7.4431771570034628e-03
73                      	3.4962619807177536e-01	1.6792803161340830e-01	1.8169816645836703e-01	5.6087532472377993e-02	-3.4748390202268102e-02	9.0835922674646102e-02	-6.2792156438457092e-02	-6.8850674224793604e-03	4.8105767763363168e-03	2.3084572509478790e-02	1.6352863031075714e-02	6.7317094784030774e-03
74                      	3.4927192368475529e-01	1.6745038215356856e-01	1.8182154153118676e-01	6.4702199880885783e-02	-3.3390095313667940e-02	9.8092295194553730e-02	-6.5741195254110832e-02	-7.1855796888091105e-03	5.1738237973155661e-03	2.2503066728241782e-02	1.6425357161436456e-02	6.0777095668053246e-03
75                      	3.4885626703653189e-01	1.6695194850159967e-01	1.8190431853493219e-01	7.4643676204758855e-02	-3.1919995403879804e-02	1.0656367160863867e-01	-6.9241833506259232e-02	-7.4761850166662602e-03	5.5543352642072876e-03	2.2208167906808567e-02	1.6658419217611568e-02	5.5497486891969948e-03
76                      	3.4773690499088467e-01	1.6615802964572843e-01	1.8157887534515624e-01	8.6489454432639931e-02	-2.9739072117460737e-02	1.1622852655010067e-01	-7.2983799333780700e-02	-7.7104228497139144e-03	5.9442782681848605e-03	2.2259993417771164e-02	1.7074274977070439e-02	5.1857184407007213e-03
77                      	3.4568147960735629e-01	1.6494345340080835e-01	1.8073802620654791e-01	9.9424199938304966e-02	-2.6690306746180916e-02	1.2611450668448587e-01	-7.6402406715333396e-02	-7.8972864028697774e-03	6.2467514460060776e-03	2.2696948038868441e-02	1.7595225465440296e-02	5.1017225734281430e-03
78                      	3.4269294251986510e-01	1.6334379596861384e-01	1.7934914655125125e-01	1.1173675272824349e-01	-2.3451586642172135e-02	1.3518833937041563e-01	-7.9319963006293875e-02	-8.0026752913186991e-03	6.4438101940006466e-03	2.3383274088017103e-02	1.8135447238009202e-02	5.2478268500079058e-03
79                      	3.3905969308683076e-01	1.6161718094150743e-01	1.7744251214532333e-01	1.2163082843491363e-01	-2.0668737551165540e-02	1.4229956598607918e-01	-8.1484151768622351e-02	-7.9126656019079377e-03	6.5760903624885424e-03	2.4103164527038139e-02	1.8627672626007612e-02	5.4754919010305278e-03
80                      	3.3504127694071439e-01	1.5987905452782189e-01	1.7516222241289248e-01	1.2809513971912656e-01	-1.8776812764441094e-02	1.4687195248356763e-01	-8.2824382624004364e-02	-7.6415839425353054e-03	6.7413172430270413e-03	2.4729341607950407e-02	1.9105988047002247e-02	5.6233535609481631e-03
