# Force and moment coefficients
# dragDir               : (1.0000000000000000e+00 0.0000000000000000e+00 0.0000000000000000e+00)
# sideDir               : (0.0000000000000000e+00 1.0000000000000000e+00 0.0000000000000000e+00)
# liftDir               : (0.0000000000000000e+00 0.0000000000000000e+00 1.0000000000000000e+00)
# rollAxis              : (1.0000000000000000e+00 0.0000000000000000e+00 0.0000000000000000e+00)
# pitchAxis             : (0.0000000000000000e+00 1.0000000000000000e+00 0.0000000000000000e+00)
# yawAxis               : (0.0000000000000000e+00 0.0000000000000000e+00 1.0000000000000000e+00)
# magUInf               : 3.8889000000000003e+01
# lRef                  : 2.7861799999999999e+00
# Aref                  : 2.1699999999999999e+00
# CofR                  : (1.4000900000000001e+00 0.0000000000000000e+00 -3.1759999999999999e-01)
#
# Time                  	Cd                      	Cd(f)                   	Cd(r)                   	Cl                      	Cl(f)                   	Cl(r)                   	CmPitch                 	CmRoll                  	CmYaw                   	Cs                      	Cs(f)                   	Cs(r)                   
1                       	1.0949903216240178e+00	5.4277816285971636e-01	5.5221215876430141e-01	-4.2604977915017450e-01	-1.3590955695034910e-02	-4.1245882345513962e-01	1.9943393388005234e-01	-4.7169979522925084e-03	9.4803772112017608e-03	1.0163569442379212e-02	1.4562161932391368e-02	-4.3985924900121548e-03
2                       	8.1056622829605618e-01	4.0215274044548988e-01	4.0841348785056636e-01	-4.8376022406489677e-01	-1.8252813921231845e-01	-3.0123208485257830e-01	5.9351972820129939e-02	-3.1303737025382221e-03	9.2735248752005561e-03	6.3578436074637522e-03	1.2452446678932432e-02	-6.0946030714686805e-03
3                       	4.7705959731793829e-01	2.3633134278785731e-01	2.4072825453008098e-01	-4.4287601059808590e-01	-2.5675599562008250e-01	-1.8612001497800340e-01	-3.5317990321039543e-02	-2.1984558711118487e-03	6.0225515484316292e-03	2.7282197644851254e-03	7.3866614306741908e-03	-4.6584416661890667e-03
4                       	3.0950175179355194e-01	1.5256293117487379e-01	1.5693882061867812e-01	-3.8979795537840595e-01	-2.6339367150156218e-01	-1.2640428387684377e-01	-6.8494693812359203e-02	-2.1879447219021512e-03	3.7655144675916527e-03	2.1753523645066121e-03	4.8531906498449585e-03	-2.6778382853383468e-03
5                       	2.7474189435665319e-01	1.3446808678827840e-01	1.4027380756837476e-01	-3.6669432255152695e-01	-2.5636723762428471e-01	-1.1032708492724219e-01	-7.3020076348521271e-02	-2.9028603900481688e-03	3.5816490611682672e-03	4.3037643027216670e-03	5.7335312125291003e-03	-1.4297669098074332e-03
6                       	3.0971044079938659e-01	1.5115073835621134e-01	1.5855970244317524e-01	-3.7743792286581151e-01	-2.5463710172641729e-01	-1.2280082113939424e-01	-6.5918140293511535e-02	-3.7044820434819618e-03	4.7636080228810390e-03	6.8449561339553947e-03	8.1860860898587372e-03	-1.3411299559033421e-03
7                       	3.6100586844849902e-01	1.7624216456939895e-01	1.8476370387910004e-01	-4.0267104112909324e-01	-2.5634913811527849e-01	-1.4632190301381473e-01	-5.5013617550731878e-02	-4.2607696548505455e-03	6.1856650321751938e-03	8.6404027828698490e-03	1.0505866423610120e-02	-1.8654636407402689e-03
8                       	4.0088879896203022e-01	1.9582891529264088e-01	2.0505988366938938e-01	-4.1757407971165733e-01	-2.5523759184015343e-01	-1.6233648787150398e-01	-4.6450551984324712e-02	-4.6154841883742507e-03	6.9661235411641216e-03	9.6410917383350000e-03	1.1786669410331622e-02	-2.1455776719966212e-03
9                       	4.2525510916113113e-01	2.0776718161668778e-01	2.1748792754444335e-01	-4.1133833905337197e-01	-2.4765393348320283e-01	-1.6368440557016914e-01	-4.1984763956516832e-02	-4.8603729638777727e-03	7.0536727460889879e-03	1.0378448836175608e-02	1.2242897164176791e-02	-1.8644483280011834e-03
10                      	4.3753366103232744e-01	2.1376588399909641e-01	2.2376777703323106e-01	-3.8105311932385372e-01	-2.3257296882134343e-01	-1.4848015050251026e-01	-4.2046409159416584e-02	-5.0009465170673317e-03	6.6739332512722339e-03	1.0965185282927269e-02	1.2156525892735869e-02	-1.1913406098085996e-03
11                      	4.4297351657770462e-01	2.1644481920707770e-01	2.2652869737062692e-01	-3.3515784910550339e-01	-2.1314465198734803e-01	-1.2201319711815538e-01	-4.5565727434596318e-02	-5.0419390817746318e-03	6.0909041275520985e-03	1.1180479646637136e-02	1.1681143950870668e-02	-5.0066430423353035e-04
12                      	4.4541090020898294e-01	2.1768009662650681e-01	2.2773080358247616e-01	-2.8572329659820972e-01	-1.9360379012373630e-01	-9.2119506474473423e-02	-5.0742141824631444e-02	-5.0253534779846681e-03	5.5448178893253873e-03	1.1195333671922957e-02	1.1142484725286865e-02	5.2848946636090160e-05
13                      	4.4688337452782900e-01	2.1840990520223985e-01	2.2847346932558918e-01	-2.4197106952918609e-01	-1.7639716786575566e-01	-6.5573901663430426e-02	-5.5411633101162629e-02	-5.0317820616746847e-03	5.0789823182839167e-03	1.1198807869143394e-02	1.0678386252855613e-02	5.2042161628778033e-04
14                      	4.4736914800352695e-01	2.1863175612141802e-01	2.2873739188210893e-01	-2.0970769914627069e-01	-1.6301866063941631e-01	-4.6689038506854366e-02	-5.8164811066280971e-02	-5.0528178803454539e-03	4.7205086580375177e-03	1.1223263408648371e-02	1.0332140362361703e-02	8.9112304628666792e-04
15                      	4.4696266604047119e-01	2.1846649217027947e-01	2.2849617387019172e-01	-1.8965477018248653e-01	-1.5391208304825305e-01	-3.5742687134233460e-02	-5.9084697957009803e-02	-5.0148408499561198e-03	4.5269938629415767e-03	1.1374776568166841e-02	1.0214382147024996e-02	1.1603944211418440e-03
16                      	4.4619221938714376e-01	2.1822703930713627e-01	2.2796518008000749e-01	-1.7884612114674986e-01	-1.4828187229464643e-01	-3.0564248852103435e-02	-5.8858811721271498e-02	-4.8690703864356141e-03	4.5252438743623750e-03	1.1483536348581687e-02	1.0267012048653218e-02	1.2165242999284684e-03
17                      	4.4536789181661490e-01	2.1800589131058928e-01	2.2736200050602562e-01	-1.7091588712164926e-01	-1.4415574315459243e-01	-2.6760143967056827e-02	-5.8697799593767801e-02	-4.6780545977181710e-03	4.5350199025201137e-03	1.1579078057755630e-02	1.0324558931397929e-02	1.2545191263577012e-03
18                      	4.4453749911448154e-01	2.1777859557259985e-01	2.2675890354188169e-01	-1.5957058980364372e-01	-1.3916842220025188e-01	-2.0402167603391821e-02	-5.9383127298430032e-02	-4.4901539846409219e-03	4.6023047765337364e-03	1.1631607074913794e-02	1.0418108313990633e-02	1.2134987609231612e-03
19                      	4.4403751781759043e-01	2.1772477949320235e-01	2.2631273832438809e-01	-1.4183471665211408e-01	-1.3178013022184298e-01	-1.0054586430271090e-02	-6.0862771895785955e-02	-4.2939794155928603e-03	4.8144024006334107e-03	1.1640200166099025e-02	1.0634502483682924e-02	1.0056976824161013e-03
20                      	4.4434435939239503e-01	2.1806160536558616e-01	2.2628275402680889e-01	-1.1876392708899977e-01	-1.2193722972897539e-01	3.1733026399756227e-03	-6.2555266184475503e-02	-4.1105743306113782e-03	5.1387902349497036e-03	1.1601173460627442e-02	1.0939376965263424e-02	6.6179649536401790e-04
21                      	4.4522837204316035e-01	2.1857782073123716e-01	2.2665055131192319e-01	-9.2237020342810228e-02	-1.1012935167594322e-01	1.7892331333132984e-02	-6.4010841504538105e-02	-4.0363652903430310e-03	5.4993310706262172e-03	1.1720932866859168e-02	1.1359797504055800e-02	3.6113536280336646e-04
22                      	4.4606300881695621e-01	2.1898442344701977e-01	2.2707858536993647e-01	-6.5498814745167735e-02	-9.7626376775957036e-02	3.2127562030789293e-02	-6.4876969403373161e-02	-4.0470809614583355e-03	5.7918494929619637e-03	1.1983771658664110e-02	1.1783735322294018e-02	2.0003633637009140e-04
23                      	4.4629196706122337e-01	2.1902086713254598e-01	2.2727109992867739e-01	-4.2000050034962308e-02	-8.5611182420670867e-02	4.3611132385708566e-02	-6.4611157403189720e-02	-4.1251163980657009e-03	5.9267616433631614e-03	1.2335403807187287e-02	1.2094463546956804e-02	2.4094026023048205e-04
24                      	4.4559570539728133e-01	2.1847075238640881e-01	2.2712495301087249e-01	-2.1025970919484702e-02	-7.3812661268044782e-02	5.2786690348560081e-02	-6.3299675808302439e-02	-4.3271003122318328e-03	6.1409529241892276e-03	1.3136792108058943e-02	1.2709348978218699e-02	4.2744312984024392e-04
25                      	4.4431812832424994e-01	2.1745744195549932e-01	2.2686068636875059e-01	-2.5621276885717113e-03	-6.3261460795601049e-02	6.0699333107029338e-02	-6.1980396951315186e-02	-4.7016222066256271e-03	6.7661312155951111e-03	1.4907888173082565e-02	1.4220075302136393e-02	6.8781287094617086e-04
26                      	4.4328240944931535e-01	2.1642157320533381e-01	2.2686083624398157e-01	1.4217239436891356e-02	-5.4558472274759288e-02	6.8775711711650644e-02	-6.1667091993204970e-02	-5.2196315193238762e-03	7.7188155434599476e-03	1.7530147900264588e-02	1.6483889493592242e-02	1.0462584066723471e-03
27                      	4.4250103231921589e-01	2.1543691671195964e-01	2.2706411560725628e-01	2.8624971922825738e-02	-4.8537107577706663e-02	7.7162079500532388e-02	-6.2849593539119522e-02	-5.8135994476483299e-03	8.7029587113191479e-03	2.0405695711403507e-02	1.8905806567020900e-02	1.4998891443826060e-03
28                      	4.4192102759674101e-01	2.1460576812416501e-01	2.2731525947257597e-01	3.7818542054522314e-02	-4.6257758431229215e-02	8.4076300485751529e-02	-6.5167029458490372e-02	-6.3547456742054790e-03	9.4129234695561961e-03	2.2888187842426591e-02	2.0857017390769488e-02	2.0311704516570999e-03
29                      	4.4153217678911655e-01	2.1401265623529470e-01	2.2751952055382185e-01	4.0151873531268013e-02	-4.7767672493054081e-02	8.7919546024322087e-02	-6.7843609258688084e-02	-6.7534321592635886e-03	9.7258771553750730e-03	2.4591365520762073e-02	2.2021559915756109e-02	2.5698056050059630e-03
30                      	4.4098615165389449e-01	2.1355545854892161e-01	2.2743069310497285e-01	3.7704642489031340e-02	-5.1267159894379292e-02	8.8971802383410639e-02	-7.0119481138894962e-02	-6.9376172780256295e-03	9.4795113756366255e-03	2.5213899866678782e-02	2.2086461308976017e-02	3.1274385577027657e-03
31                      	4.3973635393045896e-01	2.1301216412366050e-01	2.2672418980679848e-01	3.4221425855818603e-02	-5.4505092354864268e-02	8.8726518210682864e-02	-7.1615805282773573e-02	-6.8560128415689862e-03	8.6921880853413555e-03	2.4540557920130466e-02	2.0962467045406587e-02	3.5780908747238783e-03
32                      	4.3794022071653638e-01	2.1238144125257866e-01	2.2555877946395769e-01	3.0935801427264393e-02	-5.6991330592154374e-02	8.7927132019418777e-02	-7.2459231305786576e-02	-6.5886691056895146e-03	7.6444963118257889e-03	2.2800784663808134e-02	1.9044888643729857e-02	3.7558960200782788e-03
33                      	4.3591231315457424e-01	2.1162733099360220e-01	2.2428498216097204e-01	2.7691053782503198e-02	-5.8853394431747086e-02	8.6544448214250294e-02	-7.2698921322998697e-02	-6.3288255836849066e-03	6.4591135483909063e-03	2.0729469822003473e-02	1.6823848459392644e-02	3.9056213626108300e-03
34                      	4.3375643610795361e-01	2.1079220664799411e-01	2.2296422945995947e-01	2.6071613183947729e-02	-5.9263110097265516e-02	8.5334723281213234e-02	-7.2298916689239379e-02	-6.0860114059826751e-03	5.2480350783581714e-03	1.8437033098814448e-02	1.4466551627765396e-02	3.9704814710490536e-03
35                      	4.3170105592043728e-01	2.1001169138849832e-01	2.2168936453193896e-01	2.7365517150289419e-02	-5.7720119567635189e-02	8.5085636717924615e-02	-7.1402878142779902e-02	-5.8388365717203074e-03	4.1566209621743877e-03	1.6306385723828747e-02	1.2309813824088762e-02	3.9965718997399856e-03
36                      	4.3051181244207354e-01	2.0970183251035968e-01	2.2080997993171383e-01	3.1502574730261412e-02	-5.4220643294412119e-02	8.5723218024673517e-02	-6.9971930659542825e-02	-5.5540737106770819e-03	3.2551863718054629e-03	1.4702831441801508e-02	1.0606602092706217e-02	4.0962293490952907e-03
37                      	4.3039420854080002e-01	2.0990240497874979e-01	2.2049180356205020e-01	3.6440582274377527e-02	-5.0262804361656324e-02	8.6703386636033844e-02	-6.8483095498845084e-02	-5.2946992916502039e-03	2.5598662384706200e-03	1.3688118355990146e-02	9.4039254164656923e-03	4.2841929395244539e-03
38                      	4.3105157177534353e-01	2.1030539887435351e-01	2.2074617290099000e-01	3.8560227231959059e-02	-4.8313784550474359e-02	8.6874011782433425e-02	-6.7593898166453892e-02	-5.2203870133182588e-03	2.2097194000475482e-03	1.3303464411026419e-02	8.8614516055607571e-03	4.4420128054656616e-03
39                      	4.3227042106436370e-01	2.1076091970415251e-01	2.2150950136021119e-01	3.6371886768837611e-02	-4.9061115175042053e-02	8.5433001943879677e-02	-6.7247058559460865e-02	-5.3742908280293459e-03	2.3976645973560200e-03	1.3685044435187371e-02	9.2401868149497059e-03	4.4448576202376650e-03
40                      	4.3401111406060583e-01	2.1136301537917351e-01	2.2264809868143234e-01	3.0778513661579150e-02	-5.1777566585383974e-02	8.2556080246963121e-02	-6.7166823416173554e-02	-5.6425416511294239e-03	2.9073634852620107e-03	1.4585789617413365e-02	1.0200258293968693e-02	4.3855313234446719e-03
41                      	4.3541735856191677e-01	2.1189935974075577e-01	2.2351799882116097e-01	2.4807576532089527e-02	-5.5453299540873371e-02	8.0260876072962895e-02	-6.7857087806918140e-02	-5.8093195402025826e-03	3.5174526907978260e-03	1.5451052548827927e-02	1.1242978965211791e-02	4.2080735836161377e-03
42                      	4.3513884333052311e-01	2.1161972578300672e-01	2.2351911754751638e-01	2.0968455167035018e-02	-5.9327068439423349e-02	8.0295523606458363e-02	-6.9811296022940852e-02	-5.9496958822548487e-03	4.2676096500351137e-03	1.6187780560125674e-02	1.2361499930097952e-02	3.8262806300277236e-03
43                      	4.3305131886176956e-01	2.1050639107215502e-01	2.2254492778961454e-01	2.0687357811847329e-02	-6.1426876687526361e-02	8.2114234499373676e-02	-7.1770555593450025e-02	-6.0192683587297624e-03	4.7718386630651649e-03	1.6851828184507270e-02	1.3197752755318799e-02	3.6540754291884696e-03
44                      	4.2955851802403128e-01	2.0868596441809470e-01	2.2087255360593661e-01	2.2393343555755809e-02	-6.1510237249175863e-02	8.3903580804931682e-02	-7.2706909027053762e-02	-6.0932945939209740e-03	4.8762838118328565e-03	1.7420293418853854e-02	1.3586430521259784e-02	3.8338628975940698e-03
45                      	4.2559452054040231e-01	2.0654668424829994e-01	2.1904783629210237e-01	2.5863945343503784e-02	-5.8519317446585402e-02	8.4383262790089189e-02	-7.1451290118337299e-02	-6.2505760219012194e-03	4.8760297833412500e-03	1.7661530238258893e-02	1.3706794902470695e-02	3.9547353357881959e-03
46                      	4.2100153211729541e-01	2.0401371894581075e-01	2.1698781317148469e-01	3.1736453214564871e-02	-5.1791592667537779e-02	8.3528045882102664e-02	-6.7659819274820218e-02	-6.4870471128369734e-03	4.9525372932135436e-03	1.7720039989208080e-02	1.3812557287817585e-02	3.9074827013904972e-03
47                      	4.1591576609711634e-01	2.0129179793122498e-01	2.1462396816589135e-01	3.8383180999593758e-02	-4.2875653235743577e-02	8.1258834235337335e-02	-6.2067243735540456e-02	-6.6660851173331974e-03	4.9459766153966906e-03	1.7446430192955817e-02	1.3669191711874598e-02	3.7772384810812174e-03
48                      	4.1114869176508489e-01	1.9895501667249205e-01	2.1219367509259282e-01	4.3111343689609054e-02	-3.4122466942779588e-02	7.7233810632388655e-02	-5.5678138787584118e-02	-6.6193292100503974e-03	4.7979249463581276e-03	1.6869143251742578e-02	1.3232496572229416e-02	3.6366466795131613e-03
49                      	4.0704252664889656e-01	1.9714865558116282e-01	2.0989387106773374e-01	4.2727527386700916e-02	-2.8029504735841808e-02	7.0757032122542723e-02	-4.9393268429192262e-02	-6.3726077432854546e-03	4.6638232556213887e-03	1.6225617482109021e-02	1.2776631996675900e-02	3.4489854854331229e-03
50                      	4.0346091913344218e-01	1.9562035449912996e-01	2.0784056463431222e-01	3.5700509097187097e-02	-2.5277245873053959e-02	6.0977754970241063e-02	-4.3127500421647508e-02	-6.1101050675911404e-03	4.8719529609585772e-03	1.5526365290813667e-02	1.2635135606365411e-02	2.8912296844482558e-03
51                      	4.0054868197571769e-01	1.9424902049873669e-01	2.0629966147698098e-01	2.3250301206634408e-02	-2.4871525716463637e-02	4.8121826923098042e-02	-3.6496676319780839e-02	-6.0253204891221350e-03	5.5287955270197338e-03	1.5151767196822773e-02	1.3104679125431121e-02	2.0470880713916529e-03
52                      	3.9863409109730752e-01	1.9320685442301530e-01	2.0542723667429225e-01	9.5678950951088200e-03	-2.5038471143192222e-02	3.4606366238301045e-02	-2.9822418690746637e-02	-6.1101911256384849e-03	6.3109643366736487e-03	1.5344127955869076e-02	1.3983028314608187e-02	1.3610996412608892e-03
53                      	3.9725003625790672e-01	1.9238643846121442e-01	2.0486359779669233e-01	-2.1770806063230261e-03	-2.5344377454398253e-02	2.3167296848075229e-02	-2.4255837151236741e-02	-6.2385796677389563e-03	7.0552653533421921e-03	1.5952747549105056e-02	1.5031639127894720e-02	9.2110842121033670e-04
54                      	3.9590000744737586e-01	1.9161411270311671e-01	2.0428589474425912e-01	-1.1458445355493152e-02	-2.6249364776108570e-02	1.4790919420615424e-02	-2.0520142098361997e-02	-6.3358910205711990e-03	7.7631114474918878e-03	1.6692761130977268e-02	1.6109492012980522e-02	5.8326911799674711e-04
55                      	3.9434854892979715e-01	1.9070986189729280e-01	2.0363868703250435e-01	-1.9190740095187751e-02	-2.8342695625068623e-02	9.1519555298808716e-03	-1.8747325577474747e-02	-6.4644125676057628e-03	8.1854291171004814e-03	1.7370304174199051e-02	1.6870581204200007e-02	4.9972296999904427e-04
56                      	3.9223897105303435e-01	1.8948591329192080e-01	2.0275305776111352e-01	-2.5758957883509251e-02	-3.1647392669975870e-02	5.8884347864666198e-03	-1.8767913728221244e-02	-6.6335722345963561e-03	8.0582349190093973e-03	1.7920918746116250e-02	1.7018694292067520e-02	9.0222445404872632e-04
57                      	3.8960665971549635e-01	1.8801078441352059e-01	2.0159587530197576e-01	-3.0324224086802347e-02	-3.5311041563830997e-02	4.9868174770286476e-03	-2.0148929520429820e-02	-6.7925454442275702e-03	7.3758717509398311e-03	1.8397416516538274e-02	1.6574580009208969e-02	1.8228365073293062e-03
58                      	3.8645780999468277e-01	1.8625207292514848e-01	2.0020573706953429e-01	-3.1441372814242356e-02	-3.8328326242919250e-02	6.8869534286768903e-03	-2.2607639835798068e-02	-6.9768320721929258e-03	6.4962027446686024e-03	1.8747188745062465e-02	1.5869797117199835e-02	2.8773916278626304e-03
59                      	3.8316760509761150e-01	1.8434018338184377e-01	1.9882742171576770e-01	-2.8447871116722291e-02	-4.0006972974183118e-02	1.1559101857460823e-02	-2.5783037415821972e-02	-7.2436191669619579e-03	5.8046425075989729e-03	1.8853575631183263e-02	1.5231430323190603e-02	3.6221453079926585e-03
60                      	3.7999034194310011e-01	1.8231446416834385e-01	1.9767587777475626e-01	-2.1716917638692268e-02	-4.0132810491524035e-02	1.8415892852831763e-02	-2.9274351672177894e-02	-7.6807068032061923e-03	5.5202270411664825e-03	1.9015726623813765e-02	1.5028090353073363e-02	3.9876362707403998e-03
61                      	3.7694943582324369e-01	1.8024327176651506e-01	1.9670616405672867e-01	-1.1971690887364449e-02	-3.9112237093872293e-02	2.7140546206507844e-02	-3.3126391650190067e-02	-8.2314461451068015e-03	5.5717697578800685e-03	1.9617998703838398e-02	1.5380769109799268e-02	4.2372295940391307e-03
62                      	3.7396897581489646e-01	1.7827476212160692e-01	1.9569421369328954e-01	-1.2339775675560124e-03	-3.7990896377189345e-02	3.6756918809633339e-02	-3.7373907593411346e-02	-8.7097257858413085e-03	5.7233102564513607e-03	2.0533835417227437e-02	1.5990227965065083e-02	4.5436074521623569e-03
63                      	3.7120125532369408e-01	1.7667586024351434e-01	1.9452539508017971e-01	8.3636046597747489e-03	-3.7990269617511938e-02	4.6353874277286690e-02	-4.2172071947399310e-02	-8.9247674183326759e-03	5.8603145942235525e-03	2.1452059664390576e-02	1.6586344426418841e-02	4.8657152379717357e-03
64                      	3.6876319570235466e-01	1.7559207025509505e-01	1.9317112544725959e-01	1.6232084751376084e-02	-3.9421204214893979e-02	5.5653288966270052e-02	-4.7537246590582019e-02	-8.7895275960822687e-03	5.9548041970048536e-03	2.2297001308190238e-02	1.7103304851099975e-02	5.1936964570902661e-03
65                      	3.6670966174652669e-01	1.7499238300722586e-01	1.9171727873930086e-01	2.3650027341814935e-02	-4.1282587398176120e-02	6.4932614739991054e-02	-5.3107601069083583e-02	-8.3624478660374989e-03	5.9869799382834847e-03	2.3212086757900284e-02	1.7593023317233628e-02	5.6190634406666573e-03
66                      	3.6481402793466228e-01	1.7460982720365187e-01	1.9020420073101041e-01	3.1747879422537678e-02	-4.2467970720943451e-02	7.4215850143481130e-02	-5.8341910432212291e-02	-7.7971867636792693e-03	5.9657628174529208e-03	2.4521314226894381e-02	1.8226419930900111e-02	6.2948942959942704e-03
67                      	3.6313206140299864e-01	1.7438492072098444e-01	1.8874714068201423e-01	4.0825100361319110e-02	-4.2539893029528160e-02	8.3364993390847256e-02	-6.2952443210187711e-02	-7.1811099805149025e-03	5.9191852675861282e-03	2.6238624182141582e-02	1.9038497358656922e-02	7.2001268234846627e-03
68                      	3.6208667309596781e-01	1.7451039813395430e-01	1.8757627496201351e-01	5.0349781741938764e-02	-4.1527262317127243e-02	9.1877044059065993e-02	-6.6702153188096622e-02	-6.5329384140295991e-03	5.8018448115827624e-03	2.8223510321383573e-02	1.9913599972274546e-02	8.3099103491090249e-03
69                      	3.6176578022350647e-01	1.7501729994029183e-01	1.8674848028321464e-01	5.9696484951043773e-02	-3.9462605935821148e-02	9.9159090886864906e-02	-6.9310848411343023e-02	-5.8655901714613984e-03	5.6224088585795900e-03	3.0063806817328179e-02	2.0654312267243680e-02	9.4094945500844997e-03
70                      	3.6186824693797826e-01	1.7565925380327202e-01	1.8620899313470624e-01	6.8037908580751316e-02	-3.6704991645769174e-02	1.0474290022652048e-01	-7.0723945936144825e-02	-5.2748696657171018e-03	5.5189942960775455e-03	3.1267862585197606e-02	2.1152925588676350e-02	1.0114936996521258e-02
71                      	3.6172901163610888e-01	1.7597738007923075e-01	1.8575163155687813e-01	7.5590045775039888e-02	-3.3542492486641727e-02	1.0913253826168161e-01	-7.1337515374161664e-02	-4.8871257388236784e-03	5.6290818627732315e-03	3.1657532740339951e-02	2.1457848232943205e-02	1.0199684507396743e-02
72                      	3.6096438447838813e-01	1.7578203588980296e-01	1.8518234858858518e-01	8.3132721092460102e-02	-3.0265507975977039e-02	1.1339822906843715e-01	-7.1831868522207090e-02	-4.7001563493911085e-03	5.9597796739214986e-03	3.1315886898714534e-02	2.1617723123278768e-02	9.6981637754357704e-03
73                      	3.5941143663384312e-01	1.7512001864898294e-01	1.8429141798486021e-01	9.1569052332825335e-02	-2.6862432483751524e-02	1.1843148481657685e-01	-7.2646958650164184e-02	-4.5856996679386397e-03	6.4627835829591052e-03	3.0583567918162784e-02	2.1754567542040498e-02	8.8290003761222879e-03
74                      	3.5710101535519817e-01	1.7406629128985460e-01	1.8303472406534355e-01	1.0147484953590226e-01	-2.2993149731566739e-02	1.2446799926746900e-01	-7.3730574499517865e-02	-4.4842163877444816e-03	7.0303277126456875e-03	2.9843707700326808e-02	2.1952181562809092e-02	7.8915261375177171e-03
75                      	3.5449040725523334e-01	1.7275148469442769e-01	1.8173892256080568e-01	1.1266220504315935e-01	-1.8430949493178795e-02	1.3109315453633816e-01	-7.4762052014758468e-02	-4.4937189331889921e-03	7.6529454416678269e-03	2.9400068602301512e-02	2.2352979742818583e-02	7.0470888594829292e-03
76                      	3.5171068413493906e-01	1.7113706716755650e-01	1.8057361696738256e-01	1.2413521741013078e-01	-1.3592019139235221e-02	1.3772723654936600e-01	-7.5659627844300609e-02	-4.7182748999130162e-03	8.3032976805767975e-03	2.9363166700444660e-02	2.2984881030799126e-02	6.3782856696455318e-03
77                      	3.4856128237348666e-01	1.6910365689790371e-01	1.7945762547558297e-01	1.3456473828392679e-01	-9.3361968515933529e-03	1.4390093513552013e-01	-7.6618565993556750e-02	-5.1769842888396414e-03	8.8557518497978487e-03	2.9846619495950133e-02	2.3779061597772915e-02	6.0675578981772187e-03
78                      	3.4488637586702958e-01	1.6669830987683912e-01	1.7818806599019046e-01	1.4261106730754333e-01	-6.6157012442783283e-03	1.4922676855182165e-01	-7.7921234898049987e-02	-5.7448780566756860e-03	9.1828961573459829e-03	3.0641260050640828e-02	2.4503526182666397e-02	6.1377338679744313e-03
79                      	3.4078864836046979e-01	1.6417088880763411e-01	1.7661775955283571e-01	1.4748115595014985e-01	-5.9716157400371292e-03	1.5345277169018698e-01	-7.9712193715112054e-02	-6.2234353726007994e-03	9.2224407573223421e-03	3.1168606442928178e-02	2.4806743978786430e-02	6.3618624641417461e-03
80                      	3.3686897165236618e-01	1.6198853407241487e-01	1.7488043757995131e-01	1.4901503173215139e-01	-7.0634310898199902e-03	1.5607846282197135e-01	-8.1570946955895673e-02	-6.4459517537682259e-03	8.9894486767598848e-03	3.0987096605520247e-02	2.4482996979520010e-02	6.5040996260002388e-03
