# Force and moment coefficients
# dragDir               : (1.0000000000000000e+00 0.0000000000000000e+00 0.0000000000000000e+00)
# sideDir               : (0.0000000000000000e+00 1.0000000000000000e+00 0.0000000000000000e+00)
# liftDir               : (0.0000000000000000e+00 0.0000000000000000e+00 1.0000000000000000e+00)
# rollAxis              : (1.0000000000000000e+00 0.0000000000000000e+00 0.0000000000000000e+00)
# pitchAxis             : (0.0000000000000000e+00 1.0000000000000000e+00 0.0000000000000000e+00)
# yawAxis               : (0.0000000000000000e+00 0.0000000000000000e+00 1.0000000000000000e+00)
# magUInf               : 3.8889000000000003e+01
# lRef                  : 2.7861799999999999e+00
# Aref                  : 2.1699999999999999e+00
# CofR                  : (1.4000900000000001e+00 0.0000000000000000e+00 -3.1759999999999999e-01)
#
# Time                  	Cd                      	Cd(f)                   	Cd(r)                   	Cl                      	Cl(f)                   	Cl(r)                   	CmPitch                 	CmRoll                  	CmYaw                   	Cs                      	Cs(f)                   	Cs(r)                   
1                       	1.1068563049850031e+00	5.5042053010451963e-01	5.5643577488048357e-01	-3.8228484807115676e-01	5.4597524446191419e-02	-4.3688237251734824e-01	2.4573994848176980e-01	-3.0076223879819007e-03	1.0287923530194781e-02	8.9434204237346954e-03	1.4759633742062128e-02	-5.8162133183274336e-03
2                       	8.1892323942085543e-01	4.0478742161174253e-01	4.1413581780911290e-01	-4.2830156410698983e-01	-1.2164774899399869e-01	-3.0665381511299111e-01	9.2503033059496198e-02	-4.6741980986852076e-03	5.2990847867685435e-03	1.0560697270204330e-02	1.0579433421870708e-02	-1.8736151666377839e-05
3                       	4.8566720635938515e-01	2.3755147928447745e-01	2.4811572707490773e-01	-4.0622572658934175e-01	-2.2378098469582028e-01	-1.8244474189352147e-01	-2.0668121401149410e-02	-5.2821238952151317e-03	2.0158982574733629e-03	9.3377493266167573e-03	6.6847729207817411e-03	2.6529764058350162e-03
4                       	3.1852963562466807e-01	1.5459528866914107e-01	1.6393434695552700e-01	-3.8122609924690892e-01	-2.5661024381077524e-01	-1.2461585543613368e-01	-6.5997194187320779e-02	-4.6695291431929483e-03	1.7265855144806387e-03	7.9336765106605665e-03	5.6934237698109220e-03	2.2402527408496450e-03
5                       	2.8077257436392083e-01	1.3631492905209258e-01	1.4445764531182823e-01	-3.7442041115613967e-01	-2.6363008015788214e-01	-1.1079033099825750e-01	-7.6419874579812322e-02	-4.0713581298678280e-03	2.9896859032953380e-03	7.6536033185418415e-03	6.8164875625662579e-03	8.3711575597558230e-04
6                       	3.1067247844160956e-01	1.5130454976813418e-01	1.5936792867347541e-01	-3.8344457519003200e-01	-2.6352751986048883e-01	-1.1991705532954318e-01	-7.1805232265472821e-02	-4.0316894526706186e-03	4.3990437993135208e-03	8.3690538150349245e-03	8.5835707068309848e-03	-2.1451689179605832e-04
7                       	3.5911726187977433e-01	1.7516375629214614e-01	1.8395350558762819e-01	-3.9710014815991151e-01	-2.5935542530324829e-01	-1.3774472285666323e-01	-6.0805351223292531e-02	-4.3948746477410188e-03	5.2702021426387548e-03	9.6181680078236929e-03	1.0079286146550603e-02	-4.6111813872690859e-04
8                       	3.9770994324245346e-01	1.9409346386405688e-01	2.0361647937839655e-01	-3.9917085032192695e-01	-2.5083910642611018e-01	-1.4833174389581674e-01	-5.1253681265146733e-02	-4.7615077571698415e-03	5.3759927250119442e-03	1.0434712005879017e-02	1.0593348727951453e-02	-1.5863672207243535e-04
9                       	4.2145278673687336e-01	2.0585090475486617e-01	2.1560188198200719e-01	-3.8350945086153515e-01	-2.3850107507777502e-01	-1.4500837578376014e-01	-4.6746349647007433e-02	-4.8754886135704990e-03	5.0321152830808107e-03	1.0541879031066868e-02	1.0303054798614245e-02	2.3882423245262337e-04
10                      	4.3332239422212937e-01	2.1187347875711537e-01	2.2144891546501397e-01	-3.4987357530862079e-01	-2.2265396817496741e-01	-1.2721960713365338e-01	-4.7717180520657015e-02	-4.7877183539493124e-03	4.5812383987567339e-03	1.0096949013254751e-02	9.6297129053841100e-03	4.6723610787064189e-04
11                      	4.3891958129091713e-01	2.1484895007121041e-01	2.2407063121970672e-01	-3.0536048227390766e-01	-2.0515295922566332e-01	-1.0020752304824432e-01	-5.2472718088709507e-02	-4.6108405742481462e-03	4.1659343244295982e-03	9.3890140481939569e-03	8.8604413485265758e-03	5.2857269966738061e-04
12                      	4.4164595012883406e-01	2.1635894896677238e-01	2.2528700116206168e-01	-2.5996799692588918e-01	-1.8834605282810626e-01	-7.1621944097782900e-02	-5.8362054365161668e-02	-4.4640260976446609e-03	3.8490109440282964e-03	8.6954776823938758e-03	8.1967497852252335e-03	4.9872789716864127e-04
13                      	4.4308814619220227e-01	2.1715245114682843e-01	2.2593569504537386e-01	-2.2054497154549219e-01	-1.7323274514800052e-01	-4.7312226397491663e-02	-6.2960259375254429e-02	-4.3916219492727048e-03	3.6846361490862995e-03	8.1970745552813595e-03	7.7831734267269793e-03	4.1390112855438030e-04
14                      	4.4332572794616648e-01	2.1730014226836750e-01	2.2602558567779898e-01	-1.9182929947856481e-01	-1.6052883639193821e-01	-3.1300463086626595e-02	-6.4614186652655808e-02	-4.3627217047157449e-03	3.5654203053481917e-03	7.8353884303111725e-03	7.4831145205037780e-03	3.5227390980739463e-04
15                      	4.4294770099885150e-01	2.1718149165254472e-01	2.2576620934630676e-01	-1.7425635929389027e-01	-1.5095390585393106e-01	-2.3302453439959195e-02	-6.3825726206985928e-02	-4.2923588468810068e-03	3.4331077778390015e-03	7.6627764947812850e-03	7.2644960252296435e-03	3.9828046955164137e-04
16                      	4.4254492738782136e-01	2.1716852805819539e-01	2.2537639932962597e-01	-1.6469560724930871e-01	-1.4428615202870221e-01	-2.0409455220606505e-02	-6.1938348404047848e-02	-4.1039356357152725e-03	3.2942666780962806e-03	7.4758799502014951e-03	7.0322066531970286e-03	4.4367329700446725e-04
17                      	4.4239380953503499e-01	2.1742421850722127e-01	2.2496959102781372e-01	-1.5669820287785438e-01	-1.3863666662199148e-01	-1.8061536255862893e-02	-6.0287565183064301e-02	-3.7726862602962164e-03	3.0989147221953690e-03	7.2617131246646427e-03	6.7297712845276903e-03	5.3194184013695216e-04
18                      	4.4217277097950736e-01	2.1768019675367878e-01	2.2449257422582858e-01	-1.4521765711997525e-01	-1.3246842026383529e-01	-1.2749236856139962e-02	-5.9859591703847657e-02	-3.4061887360748778e-03	2.9793706123971025e-03	7.0153915297440500e-03	6.4870663772691279e-03	5.2832515247492240e-04
19                      	4.4171259085377668e-01	2.1773720496356078e-01	2.2397538589021587e-01	-1.2884177306175365e-01	-1.2502258815324074e-01	-3.8191849085128962e-03	-6.0601701622363932e-02	-3.1190904633275644e-03	3.0185272705621192e-03	6.8657422109376053e-03	6.4513983760309222e-03	4.1434383490668341e-04
20                      	4.4169892257612398e-01	2.1785743673701122e-01	2.2384148583911279e-01	-1.0797351981114574e-01	-1.1604185472581657e-01	8.0683349146708355e-03	-6.2055094820243711e-02	-2.9920245510507712e-03	3.1085949225563110e-03	7.1018388237731106e-03	6.6595143344428667e-03	4.4232448933024420e-04
21                      	4.4216772148377431e-01	2.1806936729906803e-01	2.2409835418470628e-01	-8.3844640379786936e-02	-1.0556904040662042e-01	2.1724400026833481e-02	-6.3646720216726946e-02	-3.0144934428191260e-03	3.2609318267479417e-03	7.6234356834585463e-03	7.0726496684772149e-03	5.5078601498133144e-04
22                      	4.4263590316135470e-01	2.1812425122326506e-01	2.2451165193808964e-01	-5.9790189792204580e-02	-9.4569457668494547e-02	3.4779267876289967e-02	-6.4674362772392260e-02	-3.1937003574122901e-03	3.5207899470215518e-03	8.5741707794848888e-03	7.8078753367639975e-03	7.6629544272089299e-04
23                      	4.4259550207531861e-01	2.1779081998182537e-01	2.2480468209349327e-01	-3.7851600918155585e-02	-8.3763317484570776e-02	4.5911716566415184e-02	-6.4837517025492980e-02	-3.5069310558339404e-03	3.8207184485620710e-03	9.9630760802074739e-03	8.8022564886658071e-03	1.1608195915416657e-03
24                      	4.4193974817685461e-01	2.1707204655881635e-01	2.2486770161803823e-01	-1.6572393257052294e-02	-7.2854663072327061e-02	5.6282269815274767e-02	-6.4568466443800918e-02	-3.8978275296109510e-03	4.1940277280854855e-03	1.1950620078002195e-02	1.0169337767086584e-02	1.7812823109156120e-03
25                      	4.4112442530723700e-01	2.1630081584969299e-01	2.2482360945754401e-01	4.1464343855388257e-03	-6.2693577363068284e-02	6.6840011748607125e-02	-6.4766794555837698e-02	-4.2613968039255171e-03	4.7195177168141561e-03	1.4335231486477055e-02	1.1887133460052683e-02	2.4480980264243715e-03
26                      	4.4064883355154100e-01	2.1566840067469750e-01	2.2498043287684347e-01	2.3544220524502307e-02	-5.4195476038658513e-02	7.7739696563160807e-02	-6.5967586300909667e-02	-4.6560161010729753e-03	5.4184804108040963e-03	1.7097703332478439e-02	1.3967332077043315e-02	3.1303712554351239e-03
27                      	4.4069183546736168e-01	2.1525302467749549e-01	2.2543881078986622e-01	3.8993719539422697e-02	-4.7874005011744138e-02	8.6867724551166842e-02	-6.7370864781455486e-02	-5.0928930561853552e-03	6.0233663366710145e-03	1.9605550963138946e-02	1.5826141818240488e-02	3.7794091448984596e-03
28                      	4.4105591276758027e-01	2.1502820200264885e-01	2.2602771076493144e-01	4.7461205998601236e-02	-4.4568699635571384e-02	9.2029905634172612e-02	-6.8299302634871994e-02	-5.4997543811413051e-03	6.4692490406240812e-03	2.1318100189111951e-02	1.7128299135180058e-02	4.1898010539318936e-03
29                      	4.4130607615493045e-01	2.1481422287730309e-01	2.2649185327762739e-01	4.8264859325117197e-02	-4.4950005119153986e-02	9.3214864444271184e-02	-6.9082434781712582e-02	-5.8388152001621375e-03	6.7590175219590159e-03	2.2135036815143182e-02	1.7826535929530606e-02	4.3085008856125753e-03
30                      	4.4083882917525147e-01	2.1433795518539028e-01	2.2650087398986121e-01	4.4992003552003675e-02	-4.7291732468332397e-02	9.2283736020336071e-02	-6.9787734244334237e-02	-6.0814594022354784e-03	6.6207565024155295e-03	2.2096111325152625e-02	1.7668812164991842e-02	4.4272991601607839e-03
31                      	4.3945546494891702e-01	2.1356492002128474e-01	2.2589054492763228e-01	4.0483520621230631e-02	-4.9843962680930047e-02	9.0327483302160685e-02	-7.0085722991545363e-02	-6.1628124531737521e-03	6.0740406106082239e-03	2.1335610783749615e-02	1.6741846002483032e-02	4.5937647812665829e-03
32                      	4.3733995901089895e-01	2.1253134796844267e-01	2.2480861104245628e-01	3.5000315432085191e-02	-5.1977315523795080e-02	8.6977630955880278e-02	-6.9477473239837675e-02	-6.1386315370068039e-03	5.3570413184081582e-03	1.9950100628566867e-02	1.5332091632691591e-02	4.6180089958752753e-03
33                      	4.3492882109764835e-01	2.1137164999159797e-01	2.2355717110605039e-01	2.8889689801206774e-02	-5.3674068916151327e-02	8.2563758717358091e-02	-6.8118913816754709e-02	-6.0927605572262062e-03	4.4194206805179097e-03	1.8452699726540709e-02	1.3645770543788264e-02	4.8069291827524448e-03
34                      	4.3246540437433145e-01	2.1024150060023328e-01	2.2222390377409815e-01	2.4374160638824759e-02	-5.4545294597689191e-02	7.8919455236513947e-02	-6.6732374917101572e-02	-5.9912015869324443e-03	3.3560784906103212e-03	1.7002162623008420e-02	1.1857159802114530e-02	5.1450028208938894e-03
35                      	4.3042572965940690e-01	2.0944416081022529e-01	2.2098156884918163e-01	2.2404070404783656e-02	-5.4707395552338868e-02	7.7111465957122524e-02	-6.5909430754730700e-02	-5.7687040194781738e-03	2.3562543620839396e-03	1.5585284206179282e-02	1.0148896465173581e-02	5.4363877410057021e-03
36                      	4.2931577161714035e-01	2.0928583178767543e-01	2.2002993982946492e-01	2.3027786265536393e-02	-5.4165534994379691e-02	7.7193321259916084e-02	-6.5679428127147887e-02	-5.3720540208947341e-03	1.4476604717134224e-03	1.4509888213763580e-02	8.7026045785952126e-03	5.8072836351683683e-03
37                      	4.2947823648225586e-01	2.0978029448735822e-01	2.1969794199489762e-01	2.4125767538291626e-02	-5.3849671829655638e-02	7.7975439367947277e-02	-6.5912555598801451e-02	-4.9588237537697075e-03	7.1794147492138351e-04	1.3581018463955843e-02	7.5084507068993046e-03	6.0725677570565382e-03
38                      	4.3073218240126709e-01	2.1065426303957896e-01	2.2007791936168813e-01	2.4302014633293328e-02	-5.4170763339855474e-02	7.8472777973148805e-02	-6.6321770656502133e-02	-4.7118281610545746e-03	3.7916254372058461e-04	1.2995573841504010e-02	6.8769494644725900e-03	6.1186243770314204e-03
39                      	4.3274198494097216e-01	2.1171730332541611e-01	2.2102468161555605e-01	2.3296454308397600e-02	-5.4563877432536240e-02	7.7860331740933847e-02	-6.6212104586735043e-02	-4.6536891450699802e-03	5.1602565867272046e-04	1.2813546753076506e-02	6.9227990352109733e-03	5.8907477178655326e-03
40                      	4.3481783298579502e-01	2.1277954955877346e-01	2.2203828342702156e-01	2.2047859712985830e-02	-5.3974473923072960e-02	7.6022333636058786e-02	-6.4998403779565866e-02	-4.6293669341240509e-03	9.8878160543705009e-04	1.2766273900427430e-02	7.3719185556507649e-03	5.3943553447766647e-03
41                      	4.3594674098615466e-01	2.1339851875308843e-01	2.2254822223306622e-01	2.2255444501501246e-02	-5.2238112845871862e-02	7.4493557347373091e-02	-6.3365835096622483e-02	-4.5748517399889039e-03	1.5435758506077068e-03	1.2888759262760712e-02	7.9879554819880638e-03	4.9008037807726501e-03
42                      	4.3541693044556812e-01	2.1318424018455329e-01	2.2223269026101480e-01	2.3478345368501474e-02	-5.0736881213816684e-02	7.4215226582318161e-02	-6.2476053898067423e-02	-4.5242250382307673e-03	1.9454955605488103e-03	1.2949709440001863e-02	8.4203502805497415e-03	4.5293591594521209e-03
43                      	4.3307910162102042e-01	2.1198296832581959e-01	2.2109613329520081e-01	2.4028460456527397e-02	-5.1074239581806291e-02	7.5102700038333692e-02	-6.3088469810069991e-02	-4.5565824846906201e-03	2.2024698225953754e-03	1.3250006122329147e-02	8.8274728837599483e-03	4.4225332385691984e-03
44                      	4.2911195632342697e-01	2.0991519860476887e-01	2.1919675771865810e-01	2.3817407543731815e-02	-5.2880260310652280e-02	7.6697667854384102e-02	-6.4788964082518191e-02	-4.6407795569446113e-03	2.2827612285977474e-03	1.4134743584576897e-02	9.3501330208861956e-03	4.7846105636907008e-03
45                      	4.2362308954174066e-01	2.0707158697593281e-01	2.1655150256580788e-01	2.4503546373899874e-02	-5.4132933371466740e-02	7.8636479745366611e-02	-6.6384706558416676e-02	-4.7399577949375467e-03	2.2942881793703582e-03	1.5393867387956098e-02	9.9912218733484073e-03	5.4026455146076917e-03
46                      	4.1686780752731761e-01	2.0363346835149107e-01	2.1323433917582657e-01	2.8424949417452539e-02	-5.2558414993142774e-02	8.0983364410595324e-02	-6.6770889701869049e-02	-4.8004354121677561e-03	2.3342976312370409e-03	1.6731603205500659e-02	1.0700099233987371e-02	6.0315039715132896e-03
47                      	4.1001801877550553e-01	2.0034482810742979e-01	2.0967319066807577e-01	3.5589159524195640e-02	-4.7861642988754179e-02	8.3450802512949826e-02	-6.5656222750852006e-02	-4.6641812803229713e-03	2.1964491277370658e-03	1.7649554372160911e-02	1.1021226313817521e-02	6.6283280583433893e-03
48                      	4.0399711640968600e-01	1.9761516201384927e-01	2.0638195439583676e-01	4.1920218084266603e-02	-4.2499012575364190e-02	8.4419230659630792e-02	-6.3459121617497491e-02	-4.3833961909937498e-03	1.9001654673290835e-03	1.8114807922653072e-02	1.0957569428655618e-02	7.1572384939974521e-03
49                      	3.9889250660039022e-01	1.9533597910176889e-01	2.0355652749862135e-01	4.2625874076660054e-02	-3.9331148713477503e-02	8.1957022790137557e-02	-6.0644085751807533e-02	-4.1102741984262257e-03	1.7229055806137169e-03	1.8532796726036971e-02	1.0989303943632203e-02	7.5434927824047692e-03
50                      	3.9461823377239108e-01	1.9332480353962883e-01	2.0129343023276222e-01	3.5659350736475359e-02	-3.9698644002265124e-02	7.5357994738740483e-02	-5.7528319370502803e-02	-3.9843133465667039e-03	1.9497400724615345e-03	1.9376981939081356e-02	1.1638231042002211e-02	7.7387508970791436e-03
51                      	3.9119069921339022e-01	1.9154506565404070e-01	1.9964563355934956e-01	2.3290202188391753e-02	-4.2467936186058791e-02	6.5758138374450548e-02	-5.4113037280254676e-02	-4.0502839526544180e-03	2.6250899562677205e-03	2.0679160149614399e-02	1.2964670031074921e-02	7.7144901185394804e-03
52                      	3.8877089682951976e-01	1.9014099386110114e-01	1.9862990296841859e-01	9.3595352259067191e-03	-4.5444973470853009e-02	5.4804508696759735e-02	-5.0124741083806372e-02	-4.2444545536587230e-03	3.4478446353650421e-03	2.1827438634382332e-02	1.4361563952556208e-02	7.4658746818261242e-03
53                      	3.8723746350119193e-01	1.8925730482096065e-01	1.9798015868023131e-01	-3.1537720438967560e-03	-4.6962084679594902e-02	4.3808312635698142e-02	-4.5385198657646522e-02	-4.3614269296353390e-03	4.0738475469301681e-03	2.2045374402100519e-02	1.5096534747980428e-02	6.9488396541200915e-03
54                      	3.8635495544471488e-01	1.8884460232344372e-01	1.9751035312127119e-01	-1.3921005772578836e-02	-4.7432455527009712e-02	3.3511449754430885e-02	-4.0471952640720295e-02	-4.3328753989137379e-03	4.3182879691131583e-03	2.1244277216428138e-02	1.4940426577327226e-02	6.3038506391009108e-03
55                      	3.8578117540101037e-01	1.8865943186575629e-01	1.9712174353525408e-01	-2.3202304107639102e-02	-4.7777151253417090e-02	2.4574847145777991e-02	-3.6175999199597540e-02	-4.2311558347489005e-03	4.2129067808892471e-03	1.9715578235671476e-02	1.4070695898724984e-02	5.6448823369464902e-03
56                      	3.8519281944682615e-01	1.8833608537739840e-01	1.9685673406942777e-01	-3.1463422436056696e-02	-4.8315816763178927e-02	1.6852394327122239e-02	-3.2584105545150586e-02	-4.2603243460146807e-03	3.9628726055326580e-03	1.8088724646438445e-02	1.3007234928751880e-02	5.0814897176865636e-03
57                      	3.8456068605242921e-01	1.8774054239910976e-01	1.9682014365331948e-01	-3.6510575994722613e-02	-4.8089235437979660e-02	1.1578659443257058e-02	-2.9833947440618361e-02	-4.5398006271048707e-03	3.9004692105420301e-03	1.6881623951385656e-02	1.2341281186234858e-02	4.5403427651507988e-03
58                      	3.8387609183574617e-01	1.8691022592583376e-01	1.9696586590991241e-01	-3.6261557837890063e-02	-4.5965710976212722e-02	9.7041531383226555e-03	-2.7834932057267687e-02	-5.0278199920393311e-03	4.1639747784126295e-03	1.6048607474549354e-02	1.2188278515687307e-02	3.8603289588620485e-03
59                      	3.8322321159814260e-01	1.8609765778094153e-01	1.9712555381720109e-01	-3.1719720657547454e-02	-4.2628973262416998e-02	1.0909252604869548e-02	-2.6769112933643275e-02	-5.5139480181297619e-03	4.5791800416181928e-03	1.5067383506450123e-02	1.2112871794843254e-02	2.9545117116068693e-03
60                      	3.8217153220746503e-01	1.8521521500710392e-01	1.9695631720036114e-01	-2.5302898364978049e-02	-3.9830255747930303e-02	1.4527357382952254e-02	-2.7178806565441277e-02	-5.8705510966286087e-03	4.9623023465698683e-03	1.3960851935303671e-02	1.1942728314221704e-02	2.0181236210819672e-03
61                      	3.8008530611481506e-01	1.8385542029152335e-01	1.9622988582329168e-01	-1.7632751832160176e-02	-3.8132200829266612e-02	2.0499448997106436e-02	-2.9315824913186524e-02	-6.1872327658841738e-03	5.1746422076773997e-03	1.3542660166925281e-02	1.1945972291140042e-02	1.5966878757852404e-03
62                      	3.7672483783743232e-01	1.8174905399061808e-01	1.9497578384681427e-01	-8.2532119515101084e-03	-3.7105784205819059e-02	2.8852572254308949e-02	-3.2979178230064007e-02	-6.6133649280981123e-03	5.2570725763978650e-03	1.4438516997674124e-02	1.2476331075234928e-02	1.9621859224391975e-03
63                      	3.7229012933243183e-01	1.7897768829029617e-01	1.9331244104213566e-01	2.4329415919862856e-03	-3.6409470404479463e-02	3.8842411996465750e-02	-3.7625941200472607e-02	-7.1673763759197420e-03	5.3222443786038014e-03	1.6880254968737528e-02	1.3762371862972566e-02	3.1178831057649629e-03
64                      	3.6764939354702686e-01	1.7605628288339989e-01	1.9159311066362697e-01	1.2855778586787570e-02	-3.6219071620950970e-02	4.9074850207738545e-02	-4.2646960914344757e-02	-7.7684138901135298e-03	5.4105347694873860e-03	2.0515218944153098e-02	1.5668144241563934e-02	4.8470747025891620e-03
65                      	3.6334745636965454e-01	1.7338826457655634e-01	1.8995919179309817e-01	2.2143037677698148e-02	-3.6571014218883764e-02	5.8714051896581923e-02	-4.7642533057732847e-02	-8.2854636082709369e-03	5.5155860253218890e-03	2.4704776505865573e-02	1.7867974278254675e-02	6.8368022276108975e-03
66                      	3.5984728933033944e-01	1.7124060087555326e-01	1.8860668845478620e-01	2.9710024461927571e-02	-3.7454529815668387e-02	6.7164554277595948e-02	-5.2309542046632171e-02	-8.6830437896164570e-03	5.4874712668006483e-03	2.8885850938239362e-02	1.9930396735920331e-02	8.9554542023190329e-03
67                      	3.5771993567747395e-01	1.6994370081334251e-01	1.8777623486413145e-01	3.5817525365836336e-02	-3.8080273995014423e-02	7.3897799360850752e-02	-5.5989036677932591e-02	-8.9162670253944819e-03	5.2193758229243511e-03	3.2539866917224852e-02	2.1489309281536775e-02	1.1050557635688074e-02
68                      	3.5677611602217796e-01	1.6944257292419609e-01	1.8733354309798184e-01	4.0376721956090739e-02	-3.7837438799661942e-02	7.8214160755752674e-02	-5.8025799777707311e-02	-8.9454850868928518e-03	4.7568658859115194e-03	3.5261327738546094e-02	2.2387529755184564e-02	1.2873797983361527e-02
69                      	3.5638575780316789e-01	1.6937474328164401e-01	1.8701101452152386e-01	4.3445219311248985e-02	-3.7155790070469034e-02	8.0601009381718020e-02	-5.8878399726093530e-02	-8.8181356199399218e-03	4.2712467225814706e-03	3.6743847399736615e-02	2.2643170422449777e-02	1.4100676977286836e-02
70                      	3.5569694948058767e-01	1.6923809523992756e-01	1.8645885424066011e-01	4.5665995816069727e-02	-3.6869017504162375e-02	8.2535013320232095e-02	-5.9702015412197232e-02	-8.6103795003662793e-03	3.9173683697101913e-03	3.7281540159455021e-02	2.2558138449437701e-02	1.4723401710017320e-02
71                      	3.5430142048356911e-01	1.6876660301997212e-01	1.8553481746359701e-01	4.7472071770571923e-02	-3.7311540809389657e-02	8.4783612579961587e-02	-6.1047576694675622e-02	-8.3841072218124348e-03	3.8059871363114359e-03	3.7214498521798756e-02	2.2413236397210812e-02	1.4801262124587943e-02
72                      	3.5215217025755807e-01	1.6781753656957907e-01	1.8433463368797903e-01	4.9102963002734819e-02	-3.8250347285996550e-02	8.7353310288731376e-02	-6.2801828787363956e-02	-8.2585485591999633e-03	3.9048760488026046e-03	3.6941620483190656e-02	2.2375686290397930e-02	1.4565934192792724e-02
73                      	3.4960976165048629e-01	1.6646843934314043e-01	1.8314132230734584e-01	5.1257218968192610e-02	-3.9100677690567485e-02	9.0357896658760095e-02	-6.4729287174663794e-02	-8.3364414821027136e-03	4.1393621237111201e-03	3.6818158612166439e-02	2.2548441429794338e-02	1.4269717182372100e-02
74                      	3.4699141616249840e-01	1.6491233614953632e-01	1.8207908001296208e-01	5.5045624093848194e-02	-3.9128975122982676e-02	9.4174599216830884e-02	-6.6651787169906773e-02	-8.5833719317128954e-03	4.5031623713391164e-03	3.6856013737342874e-02	2.2931169240010554e-02	1.3924844497332320e-02
75                      	3.4462480676844620e-01	1.6349507175606739e-01	1.8112973501237881e-01	6.1320393912351362e-02	-3.7893977356529128e-02	9.9214371268880483e-02	-6.8554174312704802e-02	-8.8173316281557074e-03	5.0097653210935122e-03	3.6562046042391945e-02	2.3290788342289485e-02	1.3271257700102462e-02
76                      	3.4229904932611133e-01	1.6229518121190406e-01	1.8000386811420727e-01	7.0277718147670726e-02	-3.5486085572073937e-02	1.0576380371974466e-01	-7.0624944645909293e-02	-8.8543434511515907e-03	5.5842133660059584e-03	3.5491867904998982e-02	2.3330147318505450e-02	1.2161720586493533e-02
77                      	3.3977444464276246e-01	1.6128385906310033e-01	1.7849058557966210e-01	8.1613569085636092e-02	-3.1986709172382465e-02	1.1360027825801856e-01	-7.2793493715200511e-02	-8.6033632582809012e-03	5.9632320642229444e-03	3.3591427238704480e-02	2.2758945683575185e-02	1.0832481555129296e-02
78                      	3.3677545955781513e-01	1.6026312531475145e-01	1.7651233424306367e-01	9.4070964350449288e-02	-2.7652394696855986e-02	1.2172335904730527e-01	-7.4687876872080630e-02	-8.1246044641561151e-03	5.9204549342820661e-03	3.1209658674087377e-02	2.1525284271325756e-02	9.6843744027616235e-03
79                      	3.3346248845141474e-01	1.5922975889235283e-01	1.7423272955906191e-01	1.0596519753338153e-01	-2.3015289815263719e-02	1.2898048734864523e-01	-7.5997888581954484e-02	-7.5014853333545553e-03	5.3480858958945754e-03	2.8849479257660040e-02	1.9772825524724594e-02	9.0766537329354455e-03
80                      	3.3018771423701121e-01	1.5825768127768522e-01	1.7193003295932596e-01	1.1577908334363070e-01	-1.8783135949321170e-02	1.3456221929295187e-01	-7.6672677621136526e-02	-6.8361758408203733e-03	4.3488389616264337e-03	2.6866476827907045e-02	1.7782077375579956e-02	9.0843994523270889e-03
81                      	3.2701644357916071e-01	1.5728615735346854e-01	1.6973028622569217e-01	1.2318602245988050e-01	-1.5339470378604607e-02	1.3852549283848511e-01	-7.6932481608544864e-02	-6.2220644361118292e-03	3.1460347779748480e-03	2.5354535328381590e-02	1.5823302442165645e-02	9.5312328862159484e-03
82                      	3.2401517298802190e-01	1.5631564906020173e-01	1.6769952392782017e-01	1.2883281419584489e-01	-1.2582116896290293e-02	1.4141493109213518e-01	-7.6998523994212739e-02	-5.6919374338092188e-03	1.9192242895860795e-03	2.4276822316382847e-02	1.4057635447777503e-02	1.0219186868605344e-02
83                      	3.2137281921955063e-01	1.5538816866283081e-01	1.6598465055671982e-01	1.3274748087494342e-01	-1.0587274699227423e-02	1.4333475557417089e-01	-7.6961015136699146e-02	-5.2982409469445194e-03	8.3119219893667065e-04	2.3688626826237409e-02	1.2675505612055374e-02	1.1013121214182034e-02
84                      	3.1913684859707370e-01	1.5445575792925964e-01	1.6468109066781406e-01	1.3448369830654247e-01	-9.6457080956669841e-03	1.4412940640220948e-01	-7.6887557248938226e-02	-5.1126663692772105e-03	7.3377198635438812e-05	2.3521640396293515e-02	1.1834197396782197e-02	1.1687442999511320e-02
85                      	3.1718840699066420e-01	1.5343549898750466e-01	1.6375290800315950e-01	1.3369608034065755e-01	-9.8752556393951751e-03	1.4357133598005270e-01	-7.6723295809723951e-02	-5.1587045078274356e-03	-2.0063827870193588e-04	2.3448016341538910e-02	1.1523369892067519e-02	1.1924646449471393e-02
86                      	3.1538726168468423e-01	1.5229918874261122e-01	1.6308807294207303e-01	1.3082328919526762e-01	-1.0868847156069446e-02	1.4169213635133707e-01	-7.6280491753703258e-02	-5.3944420997308982e-03	5.1765947541812350e-05	2.3191509725821909e-02	1.1647520810452767e-02	1.1543988915369141e-02
87                      	3.1386919463751434e-01	1.5116201232419257e-01	1.6270718231332176e-01	1.2701137146609812e-01	-1.1953356880676542e-02	1.3896472834677462e-01	-7.5459042613725588e-02	-5.7725849945645998e-03	7.6680966938327886e-04	2.2665084241980136e-02	1.2099351790373346e-02	1.0565732451606788e-02
88                      	3.1284901203724874e-01	1.5017149241219627e-01	1.6267751962505245e-01	1.2248483046888385e-01	-1.3017314421800021e-02	1.3550214489068385e-01	-7.4259729656241946e-02	-6.2530136064280848e-03	1.8254796485548460e-03	2.1900799152784624e-02	1.2775879224947157e-02	9.1249199278374670e-03
89                      	3.1234290141758114e-01	1.4937875344452253e-01	1.6296414797305858e-01	1.1643280444192314e-01	-1.4326590321580731e-02	1.3075939476350387e-01	-7.2542992542542303e-02	-6.7926972642680331e-03	3.1428658452579503e-03	2.0851734278644472e-02	1.3568732984580185e-02	7.2830012940642858e-03
90                      	3.1197186400258731e-01	1.4863549192349459e-01	1.6333637207909274e-01	1.0812057615898614e-01	-1.6152317793320617e-02	1.2427289395230677e-01	-7.0212605872813680e-02	-7.3504400777990768e-03	4.6030109279029717e-03	1.9622370382648285e-02	1.4414196119227115e-02	5.2081742634211706e-03
91                      	3.1133400375808784e-01	1.4777016100200574e-01	1.6356384275608210e-01	9.7725786442838053e-02	-1.8649230014115732e-02	1.1637501645695379e-01	-6.7512123235534766e-02	-7.8968408770381995e-03	6.1105670711198217e-03	1.8359509417427065e-02	1.5290321779833353e-02	3.0691876375937097e-03
92                      	3.1033128027282031e-01	1.4674759167683368e-01	1.6358368859598660e-01	8.6239734543768432e-02	-2.1829490407194230e-02	1.0806922495096266e-01	-6.4949357679078445e-02	-8.4180484595764594e-03	7.5155599159524968e-03	1.7274948053145670e-02	1.6153033942525329e-02	1.1219141106203374e-03
93                      	3.0935451008834308e-01	1.4583974875919006e-01	1.6351476132915302e-01	7.4997023767698290e-02	-2.5232522921278318e-02	1.0022954668897661e-01	-6.2731034805127456e-02	-8.8375062849814761e-03	8.5430141598471874e-03	1.6594013996080865e-02	1.6840021157887620e-02	-2.4600716180675540e-04
94                      	3.0885812414476482e-01	1.4540565322848573e-01	1.6345247091627910e-01	6.5578901005541645e-02	-2.7961276672990198e-02	9.3540177678531844e-02	-6.0750727175761021e-02	-9.0234088438966974e-03	8.9595235668252851e-03	1.6401113323519425e-02	1.7160080228584999e-02	-7.5896690506557308e-04
95                      	3.0884342948376109e-01	1.4558892897070755e-01	1.6325450051305357e-01	5.8842657338712766e-02	-2.9627894332366213e-02	8.8470551671078979e-02	-5.9049223001722592e-02	-8.8327857711730188e-03	8.6845391091859327e-03	1.6612673014714138e-02	1.6990875616543000e-02	-3.7820260182886345e-04
96                      	3.0884126976256532e-01	1.4622970750867378e-01	1.6261156225389153e-01	5.4449724393748469e-02	-3.0583489311578754e-02	8.5033213705327237e-02	-5.7808351508452996e-02	-8.1909273726088663e-03	7.8515520361381250e-03	1.7047960723053621e-02	1.6375532397664937e-02	6.7242832538868549e-04
97                      	3.0853528822039711e-01	1.4714625109335269e-01	1.6138903712704442e-01	5.1754945896066280e-02	-3.1091567739866065e-02	8.2846513635932331e-02	-5.6969040687899195e-02	-7.1213930168458582e-03	6.7597999492428418e-03	1.7509686926455138e-02	1.5514643412470410e-02	1.9950435139847265e-03
98                      	3.0797266477164231e-01	1.4819745278415597e-01	1.5977521198748634e-01	5.0242630113903217e-02	-3.1077467420179469e-02	8.1320097534082689e-02	-5.6198782477131073e-02	-5.7888796016651971e-03	5.7241302599389341e-03	1.7890445614652788e-02	1.4669353067265328e-02	3.2210925473874596e-03
99                      	3.0726924082337043e-01	1.4918602675676187e-01	1.5808321406660855e-01	4.9152034559927130e-02	-3.0830203509518216e-02	7.9982238069445349e-02	-5.5406220789481785e-02	-4.4485936549233263e-03	5.0262978558659605e-03	1.8183876876014197e-02	1.4118236293873059e-02	4.0656405821411380e-03
100                     	3.0636383463508166e-01	1.4981317912425579e-01	1.5655065551082589e-01	4.7280671411260057e-02	-3.1074972553193188e-02	7.8355643964453242e-02	-5.4715308258823217e-02	-3.3687381932850477e-03	4.7676430472443397e-03	1.8429483413901635e-02	1.3982384754195158e-02	4.4470986597064787e-03
101                     	3.0519123892342653e-01	1.4987475607334463e-01	1.5531648285008190e-01	4.3793138089795555e-02	-3.2459714131624184e-02	7.6252852221419726e-02	-5.4356283176521955e-02	-2.7208633883686302e-03	4.8865072432446944e-03	1.8664306824526213e-02	1.4218660655507802e-02	4.4456461690184131e-03
102                     	3.0363890912186220e-01	1.4926390213326296e-01	1.5437500698859924e-01	3.8405761446125848e-02	-3.5283495959057248e-02	7.3689257405183103e-02	-5.4486376682120176e-02	-2.5555524276681422e-03	5.2129091433309330e-03	1.9180398501243850e-02	1.4803108393952857e-02	4.3772901072909910e-03
103                     	3.0173791321521115e-01	1.4807243899048297e-01	1.5366547422472815e-01	3.1872151678148067e-02	-3.9023792651791983e-02	7.0895944329940050e-02	-5.4959868490866016e-02	-2.7965176171225741e-03	5.5622586053616346e-03	2.0240479658296950e-02	1.5682498434510111e-02	4.5579812237868406e-03
104                     	2.9971218691899681e-01	1.4657614555232554e-01	1.5313604136667128e-01	2.5884336978826104e-02	-4.2375675344975369e-02	6.8260012323801481e-02	-5.5317843834388425e-02	-3.2799479071728820e-03	5.7657933980610095e-03	2.1768051772611808e-02	1.6649819284366915e-02	5.1182324882448954e-03
105                     	2.9776810651021079e-01	1.4501004441345133e-01	1.5275806209675949e-01	2.1137068339043240e-02	-4.4660593221550055e-02	6.5797661560593301e-02	-5.5229127391071678e-02	-3.8740088416540628e-03	5.8455824574567281e-03	2.3426679996390660e-02	1.7558922455652059e-02	5.8677575407386010e-03
106                     	2.9591723113600893e-01	1.4346621478680385e-01	1.5245101634920508e-01	1.7168908604041355e-02	-4.6096209451341665e-02	6.3265118055383013e-02	-5.4680663753362335e-02	-4.4924007812006160e-03	5.8767982530189668e-03	2.4794513893818811e-02	1.8274055199928373e-02	6.5204586938904388e-03
107                     	2.9413743092123318e-01	1.4195855190572351e-01	1.5217887901550967e-01	1.4515967177180164e-02	-4.6475897581579814e-02	6.0991864758759985e-02	-5.3733881170169903e-02	-5.1101635548930751e-03	5.8888167544436593e-03	2.5714068377084908e-02	1.8745850942986114e-02	6.9682174340987939e-03
108                     	2.9248922200999417e-01	1.4049891930492026e-01	1.5199030270507394e-01	1.3695527477156508e-02	-4.5746173711969609e-02	5.9441701189126110e-02	-5.2593937450547856e-02	-5.7456917000768305e-03	5.9082790904735789e-03	2.6244432271114417e-02	1.9030495226030789e-02	7.2139370450836305e-03
109                     	2.9119577563682048e-01	1.3918773852873775e-01	1.5200803710808272e-01	1.4180035472952362e-02	-4.4485713090123863e-02	5.8665748563076235e-02	-5.1575730826600052e-02	-6.4101492896724843e-03	5.9511722950115181e-03	2.6501547783906267e-02	1.9201946186964653e-02	7.2996015969416152e-03
110                     	2.9041795726682779e-01	1.3817493469369380e-01	1.5224302257313399e-01	1.5360505997929597e-02	-4.3169526788320652e-02	5.8530032786250255e-02	-5.0849779787285450e-02	-7.0340439397201093e-03	5.9996555824803430e-03	2.6574179092703917e-02	1.9286745128832300e-02	7.2874339638716147e-03
111                     	2.9023510236774785e-01	1.3758550227310057e-01	1.5264960009464729e-01	1.7143814350999344e-02	-4.1702147870265674e-02	5.8845962221265022e-02	-5.0274055045765348e-02	-7.5320489107733582e-03	6.0566701137875515e-03	2.6564020400892372e-02	1.9338680314233737e-02	7.2253400866586345e-03
112                     	2.9046740788785497e-01	1.3735344699154595e-01	1.5311396089630899e-01	1.9535797062566758e-02	-4.0092149505815522e-02	5.9627946568382280e-02	-4.9860048037098904e-02	-7.8802569523815248e-03	6.1570412040283856e-03	2.6566694202393763e-02	1.9440388305225265e-02	7.1263058971684969e-03
113                     	2.9084555762141046e-01	1.3729963813616339e-01	1.5354591948524707e-01	2.2358908727592251e-02	-3.8599422530155761e-02	6.0958331257748008e-02	-4.9778876893951884e-02	-8.1231406745418452e-03	6.3546012237394407e-03	2.6631987603848727e-02	1.9670595025663807e-02	6.9613925781849230e-03
114                     	2.9105396038292969e-01	1.3725012967192390e-01	1.5380383071100581e-01	2.5638836656578914e-02	-3.7331073814236698e-02	6.2969910470815613e-02	-5.0150492142526155e-02	-8.2768505195409525e-03	6.7207415404338918e-03	2.6704108021545891e-02	2.0072795551206835e-02	6.6313124703390527e-03
115                     	2.9094338363194500e-01	1.3713848638769710e-01	1.5380489724424790e-01	2.9424929913346526e-02	-3.6363250171548393e-02	6.5788180084894926e-02	-5.1075715128221663e-02	-8.3332054282754062e-03	7.2840281681126754e-03	2.6595787619492880e-02	2.0581921977859116e-02	6.0138656416337645e-03
116                     	2.9053239138937698e-01	1.3696234726153780e-01	1.5357004412783917e-01	3.3834381275992885e-02	-3.5890595510396917e-02	6.9724976786389808e-02	-5.2807786148393362e-02	-8.3038484331506845e-03	8.0644901865351750e-03	2.6161643232326001e-02	2.1145311802698175e-02	5.0163314296278252e-03
117                     	2.8993581162079829e-01	1.3673786619900163e-01	1.5319794542179668e-01	3.9104325367773911e-02	-3.5960238936520533e-02	7.5064564304294451e-02	-5.5512401620407492e-02	-8.2300396113975383e-03	8.9667362261709217e-03	2.5441277024826951e-02	2.1687374738584397e-02	3.7539022862425530e-03
118                     	2.8938447562559205e-01	1.3649861436137353e-01	1.5288586126421852e-01	4.5105032344053893e-02	-3.6450595219608514e-02	8.1555627563662414e-02	-5.9003111391635464e-02	-8.1936234514225059e-03	9.8310608858006993e-03	2.4602830984407367e-02	2.2132476378004383e-02	2.4703546064029844e-03
119                     	2.8904921142065193e-01	1.3628195629409909e-01	1.5276725512655287e-01	5.1291828121137820e-02	-3.7200233191780764e-02	8.8492061312918577e-02	-6.2846147252349674e-02	-8.2426494162269031e-03	1.0503160184746597e-02	2.3877405249568790e-02	2.2441862809530994e-02	1.4355424400377969e-03
120                     	2.8900540492808896e-01	1.3611439322606783e-01	1.5289101170202113e-01	5.7258841168538292e-02	-3.7892548406686224e-02	9.5151389575224510e-02	-6.6521968990955374e-02	-8.3883092379766471e-03	1.0903936733963771e-02	2.3528153129360907e-02	2.2668013298644225e-02	8.6013983071668305e-04
121                     	2.8925641089794341e-01	1.3602175713717030e-01	1.5323465376077314e-01	6.2742685507717624e-02	-3.8238898989334622e-02	1.0098158449705223e-01	-6.9610241743193427e-02	-8.6064483118014137e-03	1.0995015179028608e-02	2.3715796891878697e-02	2.2852913624967958e-02	8.6288326691073998e-04
122                     	2.8966536769976814e-01	1.3600505730466989e-01	1.5366031039509823e-01	6.7152507173343784e-02	-3.8401729702473880e-02	1.0555423687581765e-01	-7.1977983289145772e-02	-8.8276265452141792e-03	1.0818181939430250e-02	2.4367079759725005e-02	2.3001721819292751e-02	1.3653579404322525e-03
123                     	2.9001291634921955e-01	1.3603208114279219e-01	1.5398083520642736e-01	6.9795991167878227e-02	-3.8912096342592906e-02	1.0870808751047113e-01	-7.3810091926532012e-02	-8.9743770318175681e-03	1.0474961304244775e-02	2.5226783283531725e-02	2.3088352946010637e-02	2.1384303375210872e-03
124                     	2.9019867015144157e-01	1.3606512151016714e-01	1.5413354864127440e-01	7.0782699137708682e-02	-4.0037029498315710e-02	1.1081972863602439e-01	-7.5428379067170051e-02	-9.0342135655536240e-03	1.0059193573979750e-02	2.6031740972328077e-02	2.3075064060143785e-02	2.9566769121842883e-03
125                     	2.9018508937900639e-01	1.3608510006276270e-01	1.5409998931624369e-01	7.0954155441045497e-02	-4.1712760462433246e-02	1.1266691590347873e-01	-7.7189838182955994e-02	-9.0074446267404875e-03	9.5780076393075127e-03	2.6632432603306760e-02	2.2894223940960894e-02	3.7382086623458668e-03
126                     	2.8981417908852536e-01	1.3600679925831616e-01	1.5380737983020917e-01	7.1425955037989874e-02	-4.3646087158010834e-02	1.1507204219600072e-01	-7.9359064677005764e-02	-8.9002902859464886e-03	8.9609118591349214e-03	2.7003037207351789e-02	2.2462430462810816e-02	4.5406067445409749e-03
127                     	2.8897207877082731e-01	1.3578478255054582e-01	1.5318729622028149e-01	7.3186392548441587e-02	-4.5193416203679240e-02	1.1837980875212083e-01	-8.1786612477900034e-02	-8.7012568348678321e-03	8.1176210460409438e-03	2.7104021234537520e-02	2.1669631663309707e-02	5.4343895712278163e-03
128                     	2.8785493141656182e-01	1.3556163016596909e-01	1.5229330125059276e-01	7.6798740489872924e-02	-4.5529059541053817e-02	1.2232780003092673e-01	-8.3928429785990272e-02	-8.3658355423118433e-03	7.0299957456780235e-03	2.6758705419150829e-02	2.0409348455253440e-02	6.3493569638973912e-03
129                     	2.8680099273339460e-01	1.3551103384048263e-01	1.5128995889291194e-01	8.2179777512125948e-02	-4.4291548878266480e-02	1.2647132639039244e-01	-8.5381437634329455e-02	-7.8894625262146533e-03	5.7439948034403903e-03	2.5802966413753230e-02	1.8645478010317004e-02	7.1574884034362254e-03
130                     	2.8601980185538234e-01	1.3569835098989419e-01	1.5032145086548812e-01	8.8076261135460576e-02	-4.2113523314850784e-02	1.3018978445031137e-01	-8.6151653882581072e-02	-7.3115499377969639e-03	4.3804019933452332e-03	2.4241122108265199e-02	1.6500963047477831e-02	7.7401590607873655e-03
131                     	2.8570257289717160e-01	1.3617115358190232e-01	1.4953141931526931e-01	9.2547580604184790e-02	-4.0074677440347220e-02	1.3262225804453201e-01	-8.6348467742439608e-02	-6.6801328666834933e-03	3.1106907078449933e-03	2.2217916062082461e-02	1.4219648738886224e-02	7.9982673231962370e-03
132                     	2.8590532840650662e-01	1.3691570175696688e-01	1.4898962664953974e-01	9.4290011674076496e-02	-3.8857092522474448e-02	1.3314710419655096e-01	-8.6002098359512696e-02	-6.0369624462864296e-03	2.0725019586068151e-03	1.9967466426947470e-02	1.2056235172080550e-02	7.9112312548669204e-03
133                     	2.8649490868608363e-01	1.3779131983403414e-01	1.4870358885204946e-01	9.2990282704597624e-02	-3.8620419861558897e-02	1.3161070256615653e-01	-8.5115561213857716e-02	-5.4561345090076577e-03	1.3576586273673383e-03	1.7733837204836705e-02	1.0224577229785691e-02	7.5092599750510155e-03
134                     	2.8721571727937417e-01	1.3860556147460756e-01	1.4861015580476661e-01	8.9274898617355200e-02	-3.9214452767720377e-02	1.2848935138507558e-01	-8.3851902076397977e-02	-5.0022971650795214e-03	1.0196885257786684e-03	1.5644325401890199e-02	8.8418512267237678e-03	6.8024741751664310e-03
135                     	2.8784213542703352e-01	1.3920566543951979e-01	1.4863646998751376e-01	8.4762742302281965e-02	-4.0155810787079783e-02	1.2491855308936176e-01	-8.2537181938220766e-02	-4.7154022739969749e-03	1.0939439910072118e-03	1.3706733311009925e-02	7.9473106465121745e-03	5.7594226644977504e-03
136                     	2.8815546338238784e-01	1.3947538079239322e-01	1.4868008258999463e-01	8.1105741130233625e-02	-4.0884016990676529e-02	1.2198975812091015e-01	-8.1436887555793341e-02	-4.6023508988007117e-03	1.5397915589267690e-03	1.1922663873527969e-02	7.5011234956907525e-03	4.4215403778372154e-03
137                     	2.8811574298556941e-01	1.3945164104432736e-01	1.4866410194124205e-01	7.9167700583836417e-02	-4.0970977991140911e-02	1.2013867857497731e-01	-8.0554828283059113e-02	-4.6062304484573591e-03	2.2370908604981239e-03	1.0368147922836029e-02	7.4211648219161385e-03	2.9469831009198903e-03
138                     	2.8778456369020933e-01	1.3922026230264287e-01	1.4856430138756649e-01	7.8849267622691788e-02	-4.0242878018862067e-02	1.1909214564155388e-01	-7.9667511830207968e-02	-4.6720195424618059e-03	3.0139025651641439e-03	9.1271520357736197e-03	7.5774785830509542e-03	1.5496734527226663e-03
139                     	2.8719857016535572e-01	1.3880774783589012e-01	1.4839082232946560e-01	7.9385182274179997e-02	-3.8962045792075309e-02	1.1834722806625531e-01	-7.8654636929165300e-02	-4.7915372467877337e-03	3.7004669225484906e-03	8.3451984608874062e-03	7.8730661529921933e-03	4.7213230789521225e-04
140                     	2.8645504997801718e-01	1.3826462133495343e-01	1.4819042864306373e-01	7.9986046410829681e-02	-3.7613215352279739e-02	1.1759926176310942e-01	-7.7606238557694579e-02	-4.9629036540551584e-03	4.1711222847462641e-03	8.1191565275529516e-03	8.2307005485227399e-03	-1.1154402096978785e-04
141                     	2.8572012223754895e-01	1.3767298165087524e-01	1.4804714058667370e-01	8.0189960637955263e-02	-3.6577553779861480e-02	1.1676751441781674e-01	-7.6672534098839118e-02	-5.1870794678992409e-03	4.3647679105333625e-03	8.5171020496735018e-03	8.6233189353701143e-03	-1.0621688569661169e-04
142                     	2.8512525342186384e-01	1.3709800711681416e-01	1.4802724630504971e-01	7.9787731476919643e-02	-3.6096580644839046e-02	1.1588431212175868e-01	-7.5990446383298868e-02	-5.4646195941177797e-03	4.3017074719159066e-03	9.5231969835508547e-03	9.0633059636913340e-03	4.5989101985952036e-04
143                     	2.8481227623774030e-01	1.3667224316695190e-01	1.4814003307078841e-01	7.8784152619210360e-02	-3.6346724985413054e-02	1.1513087760462341e-01	-7.5738801295018240e-02	-5.7338949519182480e-03	4.0461445396511491e-03	1.1022659958337511e-02	9.5574745188199035e-03	1.4651854395176063e-03
144                     	2.8487379613661773e-01	1.3649057174954846e-01	1.4838322438706927e-01	7.7086758925239571e-02	-3.7507523079488507e-02	1.1459428200472808e-01	-7.6050902542108292e-02	-5.9463263187604131e-03	3.6990863348716776e-03	1.2886620347825258e-02	1.0142396508784306e-02	2.7442238390409514e-03
145                     	2.8536520644980728e-01	1.3658160030383482e-01	1.4878360614597247e-01	7.4797599818882468e-02	-3.9565321303970044e-02	1.1436292112285251e-01	-7.6964121213411285e-02	-6.1010029210688353e-03	3.4044530952426159e-03	1.4922523735565438e-02	1.0865714963025335e-02	4.0568087725401034e-03
146                     	2.8623335591470994e-01	1.3687867370233661e-01	1.4935468221237336e-01	7.2508761577449815e-02	-4.2193814338439897e-02	1.1470257591588973e-01	-7.8448195127164805e-02	-6.2380042550183642e-03	3.2923019890240893e-03	1.6825707290711426e-02	1.1705155634379804e-02	5.1205516563316237e-03
147                     	2.8736051963411113e-01	1.3729779610172460e-01	1.5006272353238653e-01	7.1029241477369845e-02	-4.4933844461616107e-02	1.1596308593898595e-01	-8.0448465200301023e-02	-6.3824637153309851e-03	3.4131036603199240e-03	1.8333380531985903e-02	1.2579793926312874e-02	5.7535866056730271e-03
148                     	2.8850390439287915e-01	1.3773665298362670e-01	1.5076725140925243e-01	7.0844549572433413e-02	-4.7622789887441175e-02	1.1846733945987459e-01	-8.3045064673657881e-02	-6.5152992128128633e-03	3.7220924133704227e-03	1.9350968217321761e-02	1.3397576522031303e-02	5.9533916952904577e-03
149                     	2.8941735442108768e-01	1.3811153490207304e-01	1.5130581951901467e-01	7.2078861655279547e-02	-5.0292038422196678e-02	1.2237090007747622e-01	-8.6331469249836451e-02	-6.5971423084708151e-03	4.0948830549432770e-03	1.9971767605659163e-02	1.4080766857772858e-02	5.8910007478863036e-03
150                     	2.8998463838634941e-01	1.3840355252330266e-01	1.5158108586304675e-01	7.4552522050145092e-02	-5.2933583227322160e-02	1.2748610527746726e-01	-9.0209844252394714e-02	-6.5887666698720470e-03	4.3849812505807016e-03	2.0409027595353936e-02	1.4589495048257670e-02	5.8195325470962664e-03
