# Force and moment coefficients
# dragDir               : (1.0000000000000000e+00 0.0000000000000000e+00 0.0000000000000000e+00)
# sideDir               : (0.0000000000000000e+00 1.0000000000000000e+00 0.0000000000000000e+00)
# liftDir               : (0.0000000000000000e+00 0.0000000000000000e+00 1.0000000000000000e+00)
# rollAxis              : (1.0000000000000000e+00 0.0000000000000000e+00 0.0000000000000000e+00)
# pitchAxis             : (0.0000000000000000e+00 1.0000000000000000e+00 0.0000000000000000e+00)
# yawAxis               : (0.0000000000000000e+00 0.0000000000000000e+00 1.0000000000000000e+00)
# magUInf               : 3.8889000000000003e+01
# lRef                  : 2.7861799999999999e+00
# Aref                  : 2.1699999999999999e+00
# CofR                  : (1.4000900000000001e+00 0.0000000000000000e+00 -3.1759999999999999e-01)
#
# Time                  	Cd                      	Cd(f)                   	Cd(r)                   	Cl                      	Cl(f)                   	Cl(r)                   	CmPitch                 	CmRoll                  	CmYaw                   	Cs                      	Cs(f)                   	Cs(r)                   
1                       	1.1881838147823203e+00	5.9239830631769408e-01	5.9578550846462608e-01	-5.8178116871408669e-01	-5.8521984431056238e-02	-5.2325918428303042e-01	2.3236859992598710e-01	-1.6936010734659738e-03	7.9168831759579145e-03	2.3094746887813958e-03	9.0716205203486121e-03	-6.7621458315672159e-03
2                       	6.6173930591478036e-01	3.2921148124466559e-01	3.3252782467011482e-01	-4.0527184649849823e-01	-1.7705813174559726e-01	-2.2821371475290098e-01	2.5577791503651852e-02	-1.6581717127246245e-03	5.3498756226692135e-03	4.9822404790517867e-03	7.8409958621951069e-03	-2.8587553831433202e-03
3                       	3.9303289772502281e-01	1.9432117610824187e-01	1.9871172161678091e-01	-3.3074294369873219e-01	-2.1009401412640449e-01	-1.2064892957232770e-01	-4.4722542277038396e-02	-2.1952727542695230e-03	4.3580648498305471e-03	4.9924734213954479e-03	6.8543015605282706e-03	-1.8618281391328229e-03
4                       	3.1810688591684205e-01	1.5648428112446686e-01	1.6162260479237522e-01	-3.3552804064873232e-01	-2.3047789153611545e-01	-1.0505014911261687e-01	-6.2713871211749289e-02	-2.5691618339542003e-03	4.1271890665707175e-03	5.6478644359266826e-03	6.9511212845340589e-03	-1.3032568486073762e-03
5                       	3.1964726945407673e-01	1.5679096464541892e-01	1.6285630480865784e-01	-3.6792378903064610e-01	-2.4658827457991450e-01	-1.2133551445073162e-01	-6.2626380064591439e-02	-3.0326700816194676e-03	4.3425855123518384e-03	6.8283608820333391e-03	7.7567659533685079e-03	-9.2840507133516855e-04
6                       	3.4660392404951834e-01	1.6967392463376807e-01	1.7692999941575030e-01	-4.0066862555535970e-01	-2.5761196364065059e-01	-1.4305666191470912e-01	-5.7277650862970729e-02	-3.6280373909911108e-03	4.8092845858712504e-03	8.3366859180395905e-03	8.9776275448910457e-03	-6.4094162685145520e-04
7                       	3.7669269911290482e-01	1.8417935363149013e-01	1.9251334548141469e-01	-4.1759850224887329e-01	-2.6018123497130097e-01	-1.5741726727757233e-01	-5.1381983846864321e-02	-4.1669959249622645e-03	5.3097267827508362e-03	9.8124583381805301e-03	1.0215955951841101e-02	-4.0349761366057098e-04
8                       	4.0164345889922415e-01	1.9623809461889893e-01	2.0540536428032524e-01	-4.1502362182273100e-01	-2.5438541723193409e-01	-1.6063820459079692e-01	-4.6873606320568598e-02	-4.5836348307131585e-03	5.5803725640891019e-03	1.0838209901093921e-02	1.0999477514636062e-02	-1.6126761354214150e-04
9                       	4.1887492776711255e-01	2.0469501734060924e-01	2.1417991042650328e-01	-3.8875447314725031e-01	-2.3994351693517593e-01	-1.4881095621207441e-01	-4.5566280361550762e-02	-4.7424465429470007e-03	5.5572349408451859e-03	1.1142463878626382e-02	1.1128466880158377e-02	1.3996998468005371e-05
10                      	4.3022074570805907e-01	2.1039734009313910e-01	2.1982340561491995e-01	-3.4980588533561396e-01	-2.2272220209510576e-01	-1.2708368324050817e-01	-4.7819259427298810e-02	-4.7130327608904225e-03	5.3957654416444513e-03	1.0985287114942623e-02	1.0888408999115761e-02	9.6878115826859988e-05
11                      	4.3783888520880870e-01	2.1433151347237930e-01	2.2350737173642943e-01	-3.0645463794574784e-01	-2.0486721681764916e-01	-1.0158742112809871e-01	-5.1639897844775212e-02	-4.5879291320250534e-03	4.9746791891388305e-03	1.0437113760788165e-02	1.0193236069532912e-02	2.4387769125525251e-04
12                      	4.4199755669971225e-01	2.1648106635274542e-01	2.2551649034696686e-01	-2.6508110340185398e-01	-1.8913667246691843e-01	-7.5944430934935511e-02	-5.6596120765991451e-02	-4.5177119971107097e-03	4.4919143899222226e-03	9.9871694806401498e-03	9.4854991302422958e-03	5.0167035039785251e-04
13                      	4.4427130665609027e-01	2.1768734665176237e-01	2.2658396000432787e-01	-2.2975333338578624e-01	-1.7510040272762403e-01	-5.4652930658162222e-02	-6.0223736034730906e-02	-4.4483066762827416e-03	3.9678461426981837e-03	9.3416089545475863e-03	8.6386506199719777e-03	7.0295833457560968e-04
14                      	4.4469769455309732e-01	2.1792490793430258e-01	2.2677278661879477e-01	-2.0405878984891940e-01	-1.6345727859486373e-01	-4.0601511254055665e-02	-6.1427883670404033e-02	-4.4239393422460986e-03	3.5370945192436300e-03	8.8483527239412631e-03	7.9612708812142625e-03	8.8708184272700121e-04
15                      	4.4428130292595025e-01	2.1774997975099125e-01	2.2653132317495897e-01	-1.8650320614111127e-01	-1.5442618986747150e-01	-3.2077016273639750e-02	-6.1174586796915890e-02	-4.3906717119838682e-03	3.3111900062266753e-03	8.6376930263475423e-03	7.6300365194004460e-03	1.0076565069470959e-03
16                      	4.4384757156146526e-01	2.1757418464209646e-01	2.2627338691936880e-01	-1.7438096919467388e-01	-1.4704765766011912e-01	-2.7333311534554754e-02	-5.9857173062782189e-02	-4.3496011386361579e-03	3.4009680711513442e-03	8.6888012969947651e-03	7.7453687196487268e-03	9.4343257734603829e-04
17                      	4.4362142548058381e-01	2.1753796756757124e-01	2.2608345791301257e-01	-1.6246070941262383e-01	-1.4003898010893942e-01	-2.2421729303684419e-02	-5.8808625402627497e-02	-4.2727451727206716e-03	3.6468293442242479e-03	8.9117038479987719e-03	8.1026812682236330e-03	8.0902257977513801e-04
18                      	4.4327145583571281e-01	2.1739009333342380e-01	2.2588136250228902e-01	-1.4810356378028319e-01	-1.3244710969505663e-01	-1.5656454085226569e-02	-5.8395327804915034e-02	-4.2456345844326246e-03	4.0010562055434896e-03	9.3690354658523493e-03	8.6855739384696633e-03	6.8346152738268527e-04
19                      	4.4289176939819103e-01	2.1724338232857390e-01	2.2564838706961712e-01	-1.3112041359117385e-01	-1.2444754160723435e-01	-6.6728719839395118e-03	-5.8887334811647415e-02	-4.2025023705216189e-03	4.3646528477626597e-03	9.8578186066281531e-03	9.2935621510767362e-03	5.6425645555141697e-04
20                      	4.4289204793273518e-01	2.1735926961336990e-01	2.2553277831936527e-01	-1.1083417907784841e-01	-1.1567782419362846e-01	4.8436451157800554e-03	-6.0260734654704259e-02	-4.0867543529976855e-03	4.5888622224309755e-03	1.0250974902792193e-02	9.7143496738270711e-03	5.3662522896512029e-04
21                      	4.4289392860747140e-01	2.1744220692086058e-01	2.2545172168661082e-01	-8.7448867154941573e-02	-1.0576256811766954e-01	1.8313700962727969e-02	-6.2038134540198756e-02	-4.0047573828751338e-03	4.8716835958551525e-03	1.0662462329883575e-02	1.0202914760796940e-02	4.5954756908663484e-04
22                      	4.4257150304130644e-01	2.1721371883925428e-01	2.2535778420205219e-01	-6.3222615239710206e-02	-9.5127549233267383e-02	3.1904933993557184e-02	-6.3516241613412294e-02	-4.0720326813989544e-03	5.2428564855638545e-03	1.1269235783715635e-02	1.0877474377421672e-02	3.9176140629396317e-04
23                      	4.4198674009346539e-01	2.1671771665982037e-01	2.2526902343364502e-01	-4.0359022871312891e-02	-8.4179038866379743e-02	4.3820015995066852e-02	-6.3999527430723305e-02	-4.2756533869123311e-03	5.5738911414732473e-03	1.2296452212106920e-02	1.1722117247526708e-02	5.7433496458021292e-04
24                      	4.4108633823166332e-01	2.1593911402345131e-01	2.2514722420821201e-01	-1.7611871768423850e-02	-7.2780212127858415e-02	5.5168340359434569e-02	-6.3974276243646488e-02	-4.6040550923803526e-03	5.8190358349775578e-03	1.3963477301873946e-02	1.2800774485914532e-02	1.1627028159594149e-03
25                      	4.4026050835945979e-01	2.1509841494335630e-01	2.2516209341610349e-01	3.5796644663922909e-03	-6.2359929518464835e-02	6.5939593984857117e-02	-6.4149761751660969e-02	-5.0318392363735958e-03	6.1566822162789307e-03	1.6310385334333478e-02	1.4311874883445671e-02	1.9985104508878086e-03
26                      	4.4037034980507639e-01	2.1468448787931699e-01	2.2568586192575940e-01	2.1936612515382259e-02	-5.3715473565144958e-02	7.5652086080527217e-02	-6.4683779822836088e-02	-5.5006870232212303e-03	6.5848938689155208e-03	1.8813837876013425e-02	1.5991812806922235e-02	2.8220250690911917e-03
27                      	4.4111813844316716e-01	2.1460234091280478e-01	2.2651579753036236e-01	3.6149964622614252e-02	-4.7509529969256406e-02	8.3659494591870665e-02	-6.5584512280563542e-02	-5.9567283087788069e-03	7.0306145979441926e-03	2.0807885368054529e-02	1.7434557281971456e-02	3.3733280860830718e-03
28                      	4.4204236416584342e-01	2.1470154790607096e-01	2.2734081625977245e-01	4.4141193164642864e-02	-4.4840014882410892e-02	8.8981208047053756e-02	-6.6910611464732331e-02	-6.3196341768507521e-03	7.3951231573964995e-03	2.2090234495157277e-02	1.8440240404975137e-02	3.6499940901821388e-03
29                      	4.4267314068943697e-01	2.1475302881427624e-01	2.2792011187516070e-01	4.5354814313097076e-02	-4.5935859886386987e-02	9.1290674199484070e-02	-6.8613267042935522e-02	-6.5835415304422336e-03	7.6214516529101647e-03	2.2769222476276951e-02	1.9006062891048638e-02	3.7631595852283114e-03
30                      	4.4233719160706303e-01	2.1448991536848366e-01	2.2784727623857939e-01	4.2897167611252458e-02	-4.8724997690135712e-02	9.1622165301388170e-02	-7.0173581495761944e-02	-6.6786804350478591e-03	7.3677064149699689e-03	2.2507344451549300e-02	1.8621378640744618e-02	3.8859658108046807e-03
31                      	4.4085490392140442e-01	2.1382348434992721e-01	2.2703141957147718e-01	3.9999816854047611e-02	-5.1287103155781680e-02	9.1286920009829298e-02	-7.1287011582805482e-02	-6.6039676107749849e-03	6.6887790594807421e-03	2.1458626918844120e-02	1.7418092518902802e-02	4.0405343999413181e-03
32                      	4.3855556884465763e-01	2.1283902478433420e-01	2.2571654406032340e-01	3.6210146478794135e-02	-5.3196387996112517e-02	8.9406534474906638e-02	-7.1301461235509581e-02	-6.4387596379946021e-03	5.7930771155201696e-03	1.9657344967913826e-02	1.5621749599477082e-02	4.0355953684367432e-03
33                      	4.3608857251412297e-01	2.1179632541020749e-01	2.2429224710391552e-01	3.1440129202529650e-02	-5.4382106381398440e-02	8.5822235583928083e-02	-7.0102170982663262e-02	-6.2479608468540195e-03	4.7627062145340834e-03	1.7572277289002406e-02	1.3548844859035286e-02	4.0234324299671196e-03
34                      	4.3354704366863323e-01	2.1081201979760203e-01	2.2273502387103117e-01	2.8773953015338263e-02	-5.4037382794637476e-02	8.2811335809975725e-02	-6.8424359302306600e-02	-5.9615020367145850e-03	3.5633259088891094e-03	1.5533565197113720e-02	1.1330108507445971e-02	4.2034566896677512e-03
35                      	4.3130701136425786e-01	2.1011465666344645e-01	2.2119235470081139e-01	2.8442225965705895e-02	-5.2868357367398963e-02	8.1310583333104855e-02	-6.7089470350251923e-02	-5.5388490186824863e-03	2.3917903870194338e-03	1.3626848414853432e-02	9.2052145944461500e-03	4.4216338204072815e-03
36                      	4.3015945826960927e-01	2.1013213636570932e-01	2.2002732190389995e-01	2.9509259498529020e-02	-5.1117825441006175e-02	8.0627084939535187e-02	-6.5872455190270685e-02	-4.9475927690953176e-03	1.5453082020270587e-03	1.2224794808646024e-02	7.6577056063500699e-03	4.5670892022959533e-03
37                      	4.3036654059438872e-01	2.1071267018198789e-01	2.1965387041240084e-01	3.0729241467505827e-02	-4.9693735529794079e-02	8.0422976997299903e-02	-6.5058356263546988e-02	-4.4706001152064797e-03	1.2018611865770175e-03	1.1302464785507510e-02	6.8530935793307719e-03	4.4493712061767368e-03
38                      	4.3163158082080982e-01	2.1159077998035242e-01	2.2004080084045741e-01	3.0508320380147502e-02	-4.9265028382933979e-02	7.9773348763081481e-02	-6.4519188573007730e-02	-4.2250104300524984e-03	1.1939467074525202e-03	1.0779322401347973e-02	6.5836079081265072e-03	4.1957144932214660e-03
39                      	4.3376710676706659e-01	2.1267361436262264e-01	2.2109349240444393e-01	2.8667324613890616e-02	-4.9482460360058801e-02	7.8149784973949421e-02	-6.3816122667004108e-02	-4.2099390209106372e-03	1.4343964076064960e-03	1.0419148189176388e-02	6.6439705021946894e-03	3.7751776869816983e-03
40                      	4.3598883601901173e-01	2.1374119957077276e-01	2.2224763644823894e-01	2.4862566748915044e-02	-5.0425971221265874e-02	7.5288537970180924e-02	-6.2857254595723402e-02	-4.2532184387331015e-03	1.9402678820921761e-03	1.0092058922005450e-02	6.9862973430949013e-03	3.1057615789105496e-03
