# Force and moment coefficients
# dragDir               : (1.0000000000000000e+00 0.0000000000000000e+00 0.0000000000000000e+00)
# sideDir               : (0.0000000000000000e+00 1.0000000000000000e+00 0.0000000000000000e+00)
# liftDir               : (0.0000000000000000e+00 0.0000000000000000e+00 1.0000000000000000e+00)
# rollAxis              : (1.0000000000000000e+00 0.0000000000000000e+00 0.0000000000000000e+00)
# pitchAxis             : (0.0000000000000000e+00 1.0000000000000000e+00 0.0000000000000000e+00)
# yawAxis               : (0.0000000000000000e+00 0.0000000000000000e+00 1.0000000000000000e+00)
# magUInf               : 3.8889000000000003e+01
# lRef                  : 2.7861799999999999e+00
# Aref                  : 2.1699999999999999e+00
# CofR                  : (1.4000900000000001e+00 0.0000000000000000e+00 -3.1759999999999999e-01)
#
# Time                  	Cd                      	Cd(f)                   	Cd(r)                   	Cl                      	Cl(f)                   	Cl(r)                   	CmPitch                 	CmRoll                  	CmYaw                   	Cs                      	Cs(f)                   	Cs(r)                   
1                       	1.0740920135965566e+00	5.3201572818997256e-01	5.4207628540658415e-01	-4.7777563428488895e-01	-9.3660274201999544e-02	-3.8411536008288938e-01	1.4522754294044493e-01	-5.0302786083057747e-03	7.9574422582548935e-03	7.7701628555239110e-03	1.1842523686016850e-02	-4.0723608304929371e-03
2                       	7.8691900001416892e-01	3.8990836963827524e-01	3.9701063037589374e-01	-5.4790832295800196e-01	-2.5419805255827987e-01	-2.9371027039972214e-01	1.9756108920721153e-02	-3.5511303688092327e-03	4.8140009824227245e-03	6.6979389685764123e-03	8.1629704667109306e-03	-1.4650314981345179e-03
3                       	4.5722357563759131e-01	2.2572591846025986e-01	2.3149765717733142e-01	-4.5631143850636324e-01	-2.9542137470413043e-01	-1.6089006380223278e-01	-6.7265655450948827e-02	-2.8858693585357758e-03	2.1302031373426423e-03	5.3050060011627237e-03	4.7827061379240041e-03	5.2229986323871960e-04
4                       	2.9752102948020787e-01	1.4607503365540669e-01	1.5144599582480120e-01	-3.3984354482241458e-01	-2.6164901045677230e-01	-7.8194534365642193e-02	-9.1727238045565082e-02	-2.6854810846972405e-03	2.6434951418842622e-03	5.2579059403137316e-03	5.2724481120411280e-03	-1.4542171727396230e-05
5                       	2.6914896226304125e-01	1.3170508307978546e-01	1.3744387918325579e-01	-2.7344343563348028e-01	-2.2156761588012078e-01	-5.1875819753359483e-02	-8.4845898063380637e-02	-2.8693980517351669e-03	4.8497370269742013e-03	6.4129965220317857e-03	8.0562352879900937e-03	-1.6432387659583085e-03
6                       	3.0734188343797891e-01	1.5045003162244722e-01	1.5689185181553167e-01	-2.8273576577392850e-01	-2.1059529567448043e-01	-7.2140470099448087e-02	-6.9227412787516179e-02	-3.2209100965422360e-03	7.0037876513139160e-03	7.7081339091563004e-03	1.0857854605892066e-02	-3.1497206967357658e-03
7                       	3.5828567088882346e-01	1.7553974054979885e-01	1.8274593033902459e-01	-3.4057103564644420e-01	-2.2620204944422176e-01	-1.1436898620222244e-01	-5.5916531620999667e-02	-3.6030948946128684e-03	8.0598596412100650e-03	8.7857511275885782e-03	1.2452735205004355e-02	-3.6669840774157750e-03
8                       	3.9627347513745609e-01	1.9422225179150285e-01	2.0205122334595324e-01	-3.9082764602081782e-01	-2.4415102029675431e-01	-1.4667662572406351e-01	-4.8737197286345395e-02	-3.9144857772252040e-03	8.0246827365477932e-03	9.4655012618798870e-03	1.2757433367487735e-02	-3.2919321056078497e-03
9                       	4.1945925571650422e-01	2.0556740655286074e-01	2.1389184916364351e-01	-4.0763914562167197e-01	-2.5163735477822102e-01	-1.5600179084345098e-01	-4.7817781967385030e-02	-4.1622213053913943e-03	7.4806261473838740e-03	9.8743043447314521e-03	1.2417778319749601e-02	-2.5434739750181475e-03
10                      	4.3108272654524687e-01	2.1110374101095267e-01	2.1997898553429424e-01	-3.8623493018860455e-01	-2.4559706907481879e-01	-1.4063786111378573e-01	-5.2479603980516515e-02	-4.4376222616707749e-03	6.7387631665033103e-03	1.0219412622489911e-02	1.1848469477748267e-02	-1.6290568552583553e-03
11                      	4.3621460091808478e-01	2.1348350618869902e-01	2.2273109472938576e-01	-3.3700774169603298e-01	-2.2851420614628709e-01	-1.0849353554974586e-01	-6.0010335298270628e-02	-4.6237942703433741e-03	5.9463719136356435e-03	1.0284927330677754e-02	1.1088835578974519e-02	-8.0390824829676660e-04
12                      	4.3873010232004633e-01	2.1470057717550720e-01	2.2402952514453911e-01	-2.7557079735961576e-01	-2.0532932650386312e-01	-7.0241470855752650e-02	-6.7543927824055230e-02	-4.6644739845159563e-03	5.2445363819977444e-03	9.9588553984371418e-03	1.0223964081216315e-02	-2.6510868277917316e-04
13                      	4.4054862217781499e-01	2.1571071673395076e-01	2.2483790544386420e-01	-2.1714191968496596e-01	-1.8110027157312517e-01	-3.6041648111840810e-02	-7.2529311730642171e-02	-4.5635943549567175e-03	4.6597679294171123e-03	9.3436873507469088e-03	9.3316116047905667e-03	1.2075745956342224e-05
14                      	4.4163143045200232e-01	2.1646602910682761e-01	2.2516540134517471e-01	-1.7330473715505171e-01	-1.6024657661199340e-01	-1.3058160543058334e-02	-7.3594208034467520e-02	-4.3496861191735349e-03	4.1823882956959811e-03	8.5147198507947493e-03	8.4397482210933558e-03	7.4971629701392820e-05
15                      	4.4202080723868653e-01	2.1693652889054266e-01	2.2508427834814390e-01	-1.4769881408770349e-01	-1.4537569804781927e-01	-2.3231160398842110e-03	-7.1526291003967540e-02	-4.0738747288006378e-03	3.8332153213784990e-03	7.6339648165485311e-03	7.6501977296527645e-03	-1.6232913104233490e-05
16                      	4.4203832153816963e-01	2.1718851044208987e-01	2.2484981109607974e-01	-1.3743762955493710e-01	-1.3660783880195043e-01	-8.2979075298668641e-04	-6.7889024024481867e-02	-3.8306503269949382e-03	3.5896819301751959e-03	7.0094911881978051e-03	7.0944275242740993e-03	-8.4936336076293627e-05
17                      	4.4183699735979243e-01	2.1726594177701081e-01	2.2457105558278162e-01	-1.3515738078505299e-01	-1.3221578239111131e-01	-2.9415983939416919e-03	-6.4637091998584806e-02	-3.6525569028854109e-03	3.3464722085540352e-03	6.7191255145232949e-03	6.7060349658156831e-03	1.3090548707612182e-05
18                      	4.4135760703186577e-01	2.1712918195152378e-01	2.2422842508034202e-01	-1.3259475800761056e-01	-1.2944686267703637e-01	-3.1478953305741687e-03	-6.3149483673231102e-02	-3.5496215644091182e-03	3.1401934424908646e-03	6.6860001408162581e-03	6.4831935128989932e-03	2.0280662791726434e-04
19                      	4.4076004054856749e-01	2.1689760292891272e-01	2.2386243761965480e-01	-1.2351882488477794e-01	-1.2539667588718720e-01	1.8778510024092545e-03	-6.3637263444798225e-02	-3.4824173453710623e-03	3.0774209765339648e-03	6.8581528291388073e-03	6.5064973911033684e-03	3.5165543803543906e-04
20                      	4.4061015615265803e-01	2.1689149885922440e-01	2.2371865729343365e-01	-1.0628292251992671e-01	-1.1832128285208127e-01	1.2038360332154548e-02	-6.5179821592117909e-02	-3.4135792171046202e-03	3.1510000546879505e-03	7.1473569203041477e-03	6.7246785148400243e-03	4.2267840546412333e-04
21                      	4.4080927256394314e-01	2.1705294383227983e-01	2.2375632873166329e-01	-8.2006957932158939e-02	-1.0824620300145076e-01	2.6239245069291820e-02	-6.7242724035371293e-02	-3.3516924496917264e-03	3.4069327750263626e-03	7.5273398802270111e-03	7.1706027151398682e-03	3.5673716508714289e-04
22                      	4.4087802096549950e-01	2.1708074170778147e-01	2.2379727925771806e-01	-5.5138279197061983e-02	-9.6714977693723100e-02	4.1576698496661124e-02	-6.9145838095192119e-02	-3.3582687749683115e-03	3.7381226770841006e-03	8.1616362835652857e-03	7.8189408188667434e-03	3.4269546469854219e-04
23                      	4.4057744800263798e-01	2.1680380560155055e-01	2.2377364240108744e-01	-2.9848968575853233e-02	-8.5212411648332875e-02	5.5363443072479646e-02	-7.0287927360406260e-02	-3.4849183997684554e-03	4.0478751910589797e-03	9.2465230996940755e-03	8.6711367409060165e-03	5.7538635878805764e-04
24                      	4.3988637118504742e-01	2.1621351775864081e-01	2.2367285342640658e-01	-6.3393660418250963e-03	-7.3915311024880706e-02	6.7575944983055594e-02	-7.0745628003968150e-02	-3.7296678338828901e-03	4.4719590383888548e-03	1.1027215452894779e-02	9.9855667648362442e-03	1.0416486880585347e-03
25                      	4.3941082620865801e-01	2.1563294752879025e-01	2.2377787867986776e-01	1.5887608317606636e-02	-6.3159882582686205e-02	7.9047490900292852e-02	-7.1103686741489522e-02	-4.0724655755387529e-03	5.1917433126071116e-03	1.3519608353917880e-02	1.1951547489566052e-02	1.5680608643518286e-03
26                      	4.3955928645368481e-01	2.1524770481445721e-01	2.2431158163922757e-01	3.5975415390423142e-02	-5.4058614515787043e-02	9.0034029906210178e-02	-7.2046322210998617e-02	-4.5319384123851721e-03	6.1441684296649488e-03	1.6320571882965405e-02	1.4304454371147652e-02	2.0161175118177540e-03
27                      	4.3998727521507941e-01	2.1492069610245876e-01	2.2506657911262068e-01	5.1896890442687631e-02	-4.7315559509877737e-02	9.9212449952565382e-02	-7.3264004731221563e-02	-5.0729415050809485e-03	7.0617757201078451e-03	1.8641949798987718e-02	1.6382750619601701e-02	2.2591991793860134e-03
28                      	4.4048533703490922e-01	2.1466054152021863e-01	2.2582479551469056e-01	6.0835601487276549e-02	-4.3777879808651096e-02	1.0461348129592764e-01	-7.4195680552289367e-02	-5.5821269972359672e-03	7.6779087062450666e-03	2.0064371751736820e-02	1.7710094582113475e-02	2.3542771696233428e-03
29                      	4.4065323433655285e-01	2.1431533612969142e-01	2.2633789820686140e-01	6.0955798729877837e-02	-4.4391316609556919e-02	1.0534711533943475e-01	-7.4869215974495834e-02	-6.0112810385849775e-03	7.8780424819527798e-03	2.0721306812766446e-02	1.8238695888336005e-02	2.4826109244304433e-03
30                      	4.4002587870612658e-01	2.1368894754069870e-01	2.2633693116542788e-01	5.4226079250006790e-02	-4.8124837764740108e-02	1.0235091701474690e-01	-7.5237877389743510e-02	-6.3239918123645959e-03	7.5922246458984700e-03	2.0561196763853519e-02	1.7872823027825228e-02	2.6883737360282895e-03
31                      	4.3849362927688362e-01	2.1277121935890142e-01	2.2572240991798218e-01	4.4578389465492863e-02	-5.2881294460550371e-02	9.7459683926043247e-02	-7.5170489193296802e-02	-6.4755952795403924e-03	6.8300227415280012e-03	1.9491823938271369e-02	1.6575934710663685e-02	2.9158892276076828e-03
32                      	4.3632388011846740e-01	2.1172237509929415e-01	2.2460150501917328e-01	3.4545141796042948e-02	-5.7163201806438690e-02	9.1708343602481646e-02	-7.4435772704460168e-02	-6.4395649599395602e-03	5.6953077983910999e-03	1.7564802991244140e-02	1.4477709294013170e-02	3.0870936972309695e-03
33                      	4.3382416333863871e-01	2.1061948572881667e-01	2.2320467760982204e-01	2.6076633235824466e-02	-6.0094523999592184e-02	8.6171157235416657e-02	-7.3132840617504413e-02	-6.2925959405026998e-03	4.3709528400971602e-03	1.5294125454978689e-02	1.2018015567586504e-02	3.2761098873921842e-03
34                      	4.3152064569260029e-01	2.0965567919787859e-01	2.2186496649472173e-01	2.1142416797334352e-02	-6.0966572232747075e-02	8.2108989030081431e-02	-7.1537780631414249e-02	-6.1046436484215811e-03	3.1562812157352781e-03	1.3107733285819547e-02	9.7101478586450515e-03	3.3975854271744948e-03
35                      	4.3005124370157122e-01	2.0907916534903342e-01	2.2097207835253779e-01	1.9903491616555677e-02	-5.9748204310269046e-02	7.9651695926824709e-02	-6.9699950118546877e-02	-5.9464565017521894e-03	2.1946251227036207e-03	1.1115938337583614e-02	7.7525942914954292e-03	3.3633440460881870e-03
36                      	4.2976316830176242e-01	2.0911539133175619e-01	2.2064777697000626e-01	2.1575648903151407e-02	-5.7162319192449670e-02	7.8737968095601074e-02	-6.7950143644025365e-02	-5.7661928191250393e-03	1.3644058074986933e-03	9.4556841644347217e-03	6.0922478897160546e-03	3.3634362747186680e-03
37                      	4.3119545916439989e-01	2.0994756362662786e-01	2.2124789553777202e-01	2.4360695487614901e-02	-5.4514674792532608e-02	7.8875370280147516e-02	-6.6695022536340062e-02	-5.6501659555720785e-03	6.1342851951879328e-04	8.4706362597440181e-03	4.8487466493908025e-03	3.6218896103532155e-03
38                      	4.3394037604508301e-01	2.1128657141509299e-01	2.2265380462999002e-01	2.5949981766718307e-02	-5.2650685926624544e-02	7.8600667693342854e-02	-6.5625676809983699e-02	-5.6836166074485071e-03	2.5478368254783630e-04	8.3655950427999060e-03	4.4375812039477896e-03	3.9280138388521164e-03
39                      	4.3724285308712696e-01	2.1284253484412083e-01	2.2440031824300610e-01	2.4655259027648292e-02	-5.1511759879466858e-02	7.6167018907115136e-02	-6.3839389393291007e-02	-5.7788916994426284e-03	3.9116943364636618e-04	9.0436862215082948e-03	4.9130125444005138e-03	4.1306736771077809e-03
40                      	4.3993176977399917e-01	2.1417335602175352e-01	2.2575841375224562e-01	2.1685198220427547e-02	-5.0273011296573016e-02	7.1958209517000563e-02	-6.1115610406786786e-02	-5.7925288652460327e-03	9.0665406585361608e-04	9.9214456421731906e-03	5.8673768869402110e-03	4.0540687552329787e-03
