# Force and moment coefficients
# dragDir               : (1.0000000000000000e+00 0.0000000000000000e+00 0.0000000000000000e+00)
# sideDir               : (0.0000000000000000e+00 1.0000000000000000e+00 0.0000000000000000e+00)
# liftDir               : (0.0000000000000000e+00 0.0000000000000000e+00 1.0000000000000000e+00)
# rollAxis              : (1.0000000000000000e+00 0.0000000000000000e+00 0.0000000000000000e+00)
# pitchAxis             : (0.0000000000000000e+00 1.0000000000000000e+00 0.0000000000000000e+00)
# yawAxis               : (0.0000000000000000e+00 0.0000000000000000e+00 1.0000000000000000e+00)
# magUInf               : 3.8889000000000003e+01
# lRef                  : 2.7861799999999999e+00
# Aref                  : 2.1699999999999999e+00
# CofR                  : (1.4000900000000001e+00 0.0000000000000000e+00 -3.1759999999999999e-01)
#
# Time                  	Cd                      	Cd(f)                   	Cd(r)                   	Cl                      	Cl(f)                   	Cl(r)                   	CmPitch                 	CmRoll                  	CmYaw                   	Cs                      	Cs(f)                   	Cs(r)                   
1                       	1.1996658820001509e+00	5.9788776168686064e-01	6.0177812031329014e-01	-6.4502098391357843e-01	-8.1421753296382279e-02	-5.6359923061719619e-01	2.4108873866040692e-01	-1.9451793132147133e-03	6.1606853678639528e-03	-4.9742623504118282e-03	3.6735541926580387e-03	-8.6478165430698677e-03
2                       	6.6544016958840957e-01	3.2972952058686011e-01	3.3571064900154945e-01	-4.3021034099744043e-01	-1.9337154728636730e-01	-2.3683879371107316e-01	2.1733623212352917e-02	-2.9905642073446577e-03	5.1008997773534809e-03	5.5921041399433847e-03	7.8969518473251728e-03	-2.3048477073817882e-03
3                       	3.9429246700596987e-01	1.9476414291284058e-01	1.9952832409312926e-01	-3.2976963827691919e-01	-2.1206964396686204e-01	-1.1769999431005713e-01	-4.7184824828402444e-02	-2.3820905901443487e-03	4.6598362013728642e-03	5.6015170267202669e-03	7.4605947147329977e-03	-1.8590776880127310e-03
4                       	3.1935131395842492e-01	1.5727463297287145e-01	1.6207668098555347e-01	-3.2542403476276832e-01	-2.2709384508725650e-01	-9.8330189675511825e-02	-6.4381827705872349e-02	-2.4010240063410118e-03	4.6400338793876591e-03	5.5031106509812171e-03	7.3915892048782668e-03	-1.8884785538970505e-03
5                       	3.2118679108076875e-01	1.5776187491013430e-01	1.6342491617063443e-01	-3.5805262582957043e-01	-2.4284842565112369e-01	-1.1520420017844676e-01	-6.3822112736338449e-02	-2.8315206302500784e-03	5.0215951440844885e-03	6.2337970847421787e-03	8.1384936864555765e-03	-1.9046966017133996e-03
6                       	3.4803590696207976e-01	1.7060855637716338e-01	1.7742735058491635e-01	-3.8925036829740706e-01	-2.5370675036438628e-01	-1.3554361793302078e-01	-5.9081566215682772e-02	-3.4093971038764697e-03	5.5260991458822946e-03	7.4373456510257903e-03	9.2447719713951906e-03	-1.8074263203693998e-03
7                       	3.7816995876609349e-01	1.8514539552618539e-01	1.9302456323990813e-01	-4.0599100806505939e-01	-2.5627749282677487e-01	-1.4971351523828452e-01	-5.3281988794245165e-02	-3.9395838568613813e-03	6.0080765680564372e-03	8.7005753695277195e-03	1.0358364252820298e-02	-1.6577888832925772e-03
8                       	4.0317650120386661e-01	1.9724510981058813e-01	2.0593139139327848e-01	-4.0174230836588304e-01	-2.5067785541293586e-01	-1.5106445295294713e-01	-4.9806701229994373e-02	-4.3431407913451740e-03	6.1802673379644851e-03	9.7654667615972458e-03	1.1063000718763110e-02	-1.2975339571658626e-03
9                       	4.2085272141911484e-01	2.0591934577073154e-01	2.1493337564838327e-01	-3.7652385963220247e-01	-2.3715837540560214e-01	-1.3936548422660033e-01	-4.8896445589500910e-02	-4.5070149388258696e-03	6.0394540138629061e-03	1.0498472532991137e-02	1.1288690280358475e-02	-7.9021774736733703e-04
10                      	4.3232223140765441e-01	2.1165673962434395e-01	2.2066549178331044e-01	-3.3746219451985759e-01	-2.1964441280865324e-01	-1.1781778171120436e-01	-5.0913315548724448e-02	-4.5043760794832473e-03	5.6255025449986652e-03	1.0766283776431729e-02	1.1008644433214530e-02	-2.4236065678280127e-04
11                      	4.4016413099298712e-01	2.1571756815946397e-01	2.2444656283352318e-01	-2.9392100766938634e-01	-2.0158650309037698e-01	-9.2334504579009352e-02	-5.4625999255683816e-02	-4.3644973370296231e-03	4.9474242397767789e-03	1.0445858554849918e-02	1.0170353517201736e-02	2.7550503764818004e-04
12                      	4.4493168737936561e-01	2.1824646582423055e-01	2.2668522155513507e-01	-2.5349223631938811e-01	-1.8562825202827571e-01	-6.7863984291112400e-02	-5.8882133868581668e-02	-4.2193778654522479e-03	4.2929685393688468e-03	9.8485323172336440e-03	9.2172346979856688e-03	6.3129761924797534e-04
13                      	4.4745540142302309e-01	2.1961315769825843e-01	2.2784224372476469e-01	-2.1899602937464166e-01	-1.7152452377530214e-01	-4.7471505599339527e-02	-6.2026509087981310e-02	-4.1145430132531295e-03	3.6635170174062633e-03	9.1052409983453358e-03	8.2161375165789308e-03	8.8910348176640436e-04
14                      	4.4763744926367716e-01	2.1976885364666429e-01	2.2786859561701286e-01	-1.9338609209561203e-01	-1.5998760068706724e-01	-3.3398491408544791e-02	-6.3294554639261230e-02	-4.0498709851742691e-03	3.0530908940043168e-03	8.4721995111785107e-03	7.2891906495935717e-03	1.1830088615849387e-03
15                      	4.4664019731338045e-01	2.1938037229394683e-01	2.2725982501943359e-01	-1.7567209878363316e-01	-1.5124377675181977e-01	-2.4428322031813381e-02	-6.3407727360003205e-02	-3.9397263627433694e-03	2.5641245508347807e-03	7.9559465592602824e-03	6.5420978304649218e-03	1.4138487287953608e-03
16                      	4.4537608486003355e-01	2.1893768507887371e-01	2.2643839978115982e-01	-1.6342267891007914e-01	-1.4447095902252510e-01	-1.8951719887554026e-02	-6.2759619567485547e-02	-3.7503573511430566e-03	2.2644884762423709e-03	7.4701099479299498e-03	5.9995434502073458e-03	1.4705664977226040e-03
17                      	4.4452648752532709e-01	2.1876495401664023e-01	2.2576153350868683e-01	-1.5116814307372689e-01	-1.3786883166630506e-01	-1.3299311407421818e-02	-6.2284760129441626e-02	-3.4982897460232995e-03	2.0879676060599124e-03	7.0257484534721956e-03	5.6008418327960106e-03	1.4249066206761855e-03
18                      	4.4390478214428836e-01	2.1868357349580492e-01	2.2522120864848344e-01	-1.3617941609660908e-01	-1.3031194857469766e-01	-5.8674675219114085e-03	-6.2222240526393122e-02	-3.2688175763392548e-03	2.0744954652308851e-03	6.7931992298163810e-03	5.4710950801390755e-03	1.3221041496773054e-03
19                      	4.4352132925227905e-01	2.1873672137274483e-01	2.2478460787953422e-01	-1.1796605938413149e-01	-1.2186276821981319e-01	3.8967088356817066e-03	-6.2879738527747447e-02	-3.0239432533946727e-03	2.1246128663520675e-03	6.6139220059510872e-03	5.4315738693276111e-03	1.1823481366234762e-03
20                      	4.4367900391551435e-01	2.1902137840140576e-01	2.2465762551410862e-01	-9.6154500745325361e-02	-1.1229456930196741e-01	1.6140068556642052e-02	-6.4217318929304726e-02	-2.8181235563514316e-03	2.1171515304364676e-03	6.6879253730131811e-03	5.4611142169430586e-03	1.2268111560701229e-03
21                      	4.4396901184093740e-01	2.1925793397178528e-01	2.2471107786915212e-01	-7.0980966196787343e-02	-1.0125888609860112e-01	3.0277919901813780e-02	-6.5768403000207448e-02	-2.7265719486834141e-03	2.2780322428876897e-03	6.9528371633839903e-03	5.7544508245796853e-03	1.1983863388043054e-03
22                      	4.4418458809112876e-01	2.1930343410390124e-01	2.2488115398722752e-01	-4.5578324341729613e-02	-8.9553279874064876e-02	4.3974955532335262e-02	-6.6764117703200065e-02	-2.7888599416631323e-03	2.6206481260070947e-03	7.4797999899680907e-03	6.3605481209911404e-03	1.1192518689769507e-03
23                      	4.4412810816000126e-01	2.1905271891996361e-01	2.2507538924003767e-01	-2.2191703090103709e-02	-7.8252672993610786e-02	5.6060969903507077e-02	-6.7156821448558932e-02	-3.0113351600370118e-03	3.0551992591003490e-03	8.4774839357471959e-03	7.2939412269739474e-03	1.1835427087732494e-03
24                      	4.4351454987266914e-01	2.1832746182301346e-01	2.2518708804965570e-01	-1.8582585664265192e-05	-6.7108444709580217e-02	6.7089862123915947e-02	-6.7099153416748089e-02	-3.4298131133211262e-03	3.5363884601842307e-03	1.0418009761621301e-02	8.7453933409948822e-03	1.6726164206264198e-03
25                      	4.4262076800637412e-01	2.1723448931779477e-01	2.2538627868857936e-01	1.9591362408628958e-02	-5.7578892785085795e-02	7.7170255193714760e-02	-6.7374573989400277e-02	-4.0758946853922985e-03	4.1417405939970205e-03	1.3278305711918223e-02	1.0780893449956131e-02	2.4974122619620914e-03
26                      	4.4223006671857756e-01	2.1635115980643779e-01	2.2587890691213977e-01	3.6430367490207845e-02	-4.9670201503602691e-02	8.6100568993810536e-02	-6.7885385248706603e-02	-4.7638735528510012e-03	4.8463353650496947e-03	1.6204257200812946e-02	1.2948463965456167e-02	3.2557932353567782e-03
27                      	4.4223276712398724e-01	2.1580421271099956e-01	2.2642855441298768e-01	5.0403902988764585e-02	-4.3626482543882142e-02	9.4030385532646726e-02	-6.8828434038264441e-02	-5.3121708509940545e-03	5.4643832236151504e-03	1.8324898856674827e-02	1.4626832651952564e-02	3.6980662047222637e-03
28                      	4.4257672504250728e-01	2.1572395579805742e-01	2.2685276924444986e-01	5.9877774162949038e-02	-4.0783001174208897e-02	1.0066077533715793e-01	-7.0721888255683416e-02	-5.5644067231962182e-03	5.7560136694564451e-03	1.9312699653801061e-02	1.5412363496356976e-02	3.9003361574440842e-03
29                      	4.4305604994216147e-01	2.1604684151294279e-01	2.2700920842921871e-01	6.3212130590403898e-02	-4.1666141204400035e-02	1.0487827179480394e-01	-7.3272206499601991e-02	-5.4811834581379440e-03	5.7858951242221587e-03	1.9237874315594719e-02	1.5404832282019519e-02	3.8330420335752004e-03
30                      	4.4328195332078496e-01	2.1646969031098426e-01	2.2681226300980070e-01	6.2487929999359697e-02	-4.4589728432386046e-02	1.0707765843174574e-01	-7.5833693432065891e-02	-5.1712863494082148e-03	5.5402290840596662e-03	1.8152696474390408e-02	1.4616577321254872e-02	3.5361191531355389e-03
31                      	4.4265089886562520e-01	2.1650347840679085e-01	2.2614742045883438e-01	6.0537289656039071e-02	-4.7613284383919374e-02	1.0815057403995845e-01	-7.7881929211938913e-02	-4.8219710260217659e-03	4.8916801869631731e-03	1.6546147938804816e-02	1.3164754156365581e-02	3.3813937824392357e-03
32                      	4.4120649527940486e-01	2.1606789682811881e-01	2.2513859845128606e-01	5.7013952378818872e-02	-5.0282423753321752e-02	1.0729637613214062e-01	-7.8789399942731181e-02	-4.5353508115836228e-03	3.9970391556800331e-03	1.4671027367566952e-02	1.1332552839463510e-02	3.3384745281034430e-03
33                      	4.3918372872794947e-01	2.1529532364184897e-01	2.2388840508610053e-01	5.2621988532044403e-02	-5.2454706891724441e-02	1.0507669542376885e-01	-7.8765701157746643e-02	-4.2965407221257678e-03	2.9661328602733532e-03	1.2402826686693581e-02	9.1675462036201437e-03	3.2352804830734377e-03
34                      	4.3696442618355302e-01	2.1443615229998289e-01	2.2252827388357010e-01	5.1765119701002435e-02	-5.2682872562766568e-02	1.0444799226376901e-01	-7.8565432413267786e-02	-4.0460607917936027e-03	1.7794602096952181e-03	9.8559250435064170e-03	6.7074227314484272e-03	3.1485023120579902e-03
35                      	4.3533266259017328e-01	2.1392670912678208e-01	2.2140595346339123e-01	5.5071569498562539e-02	-5.0875023317667585e-02	1.0594659281623012e-01	-7.8410808066948848e-02	-3.7396221683045818e-03	6.2383916513135320e-04	7.3674158820328760e-03	4.3075471061477912e-03	3.0598687758850848e-03
36                      	4.3467399766899473e-01	2.1401545501999925e-01	2.2065854264899551e-01	6.0610697669425208e-02	-4.7577261392291251e-02	1.0818795906171647e-01	-7.7882610227003851e-02	-3.3215438144981349e-03	-3.8340138866899788e-04	5.6242466509825052e-03	2.4287219368222548e-03	3.1955247141602504e-03
37                      	4.3480335036669909e-01	2.1446821068956978e-01	2.2033513967712931e-01	6.5492230199183737e-02	-4.4656281319264558e-02	1.1014851151844829e-01	-7.7402396418856434e-02	-2.9334644937797777e-03	-9.5481082388677949e-04	4.8933759115896286e-03	1.4918771319080348e-03	3.4014987796815934e-03
38                      	4.3560467393999996e-01	2.1499239761382558e-01	2.2061227632617436e-01	6.6974024606502799e-02	-4.3954912619126707e-02	1.1092893722562951e-01	-7.7441924922378114e-02	-2.8099393561744138e-03	-9.8090101261669432e-04	5.3410785282712791e-03	1.6896382515189452e-03	3.6514402767523339e-03
39                      	4.3692328388456414e-01	2.1558961849180283e-01	2.2133366539276134e-01	6.4395591378610936e-02	-4.5221419108197596e-02	1.0961701048680852e-01	-7.7419214797503064e-02	-2.8720234504792585e-03	-6.0766738295260539e-04	6.1965042657988060e-03	2.4905847499467975e-03	3.7059195158520085e-03
40                      	4.3860622454603626e-01	2.1632606579097924e-01	2.2228015875505702e-01	5.8563608298328303e-02	-4.7614378027323719e-02	1.0617798632565202e-01	-7.6896182176487873e-02	-2.9770464820388816e-03	-7.3027130086759633e-05	6.7529812561451423e-03	3.3034634979858114e-03	3.4495177581593309e-03
41                      	4.3952041148130899e-01	2.1663093308763137e-01	2.2288947839367762e-01	5.2048480753006353e-02	-5.0571790123901637e-02	1.0262027087690799e-01	-7.6596030500404810e-02	-3.1292726530231406e-03	4.6687784892191024e-04	6.9292135357431148e-03	3.9314846167934677e-03	2.9977289189496471e-03
42                      	4.3891159176442773e-01	2.1587028050658064e-01	2.2304131125784707e-01	4.6329091606668690e-02	-5.4061144272978402e-02	1.0039023587964709e-01	-7.7225690076312747e-02	-3.5855153756332182e-03	9.3205924925297899e-04	7.1285911191588903e-03	4.4963548088324248e-03	2.6322363103264660e-03
43                      	4.3718188097712907e-01	2.1446855917042776e-01	2.2271332180670128e-01	4.2552039322889181e-02	-5.6040904790387855e-02	9.8592944113277042e-02	-7.7316924451832442e-02	-4.1223813181367535e-03	1.3379706879343253e-03	7.5433630342561352e-03	5.1096522050623934e-03	2.4337108291937423e-03
44                      	4.3432050048916210e-01	2.1253527521485241e-01	2.2178522527430969e-01	3.9429162184650784e-02	-5.6501443375191938e-02	9.5930605559842716e-02	-7.6216024467517324e-02	-4.6249750297286387e-03	1.7066649664185074e-03	8.1278925467441338e-03	5.7706112397905747e-03	2.3572813069535599e-03
45                      	4.3040046226834799e-01	2.1001700569061479e-01	2.2038345657773320e-01	3.9404904225720440e-02	-5.4026149877393292e-02	9.3431054103113725e-02	-7.3728601990253509e-02	-5.1832254435591951e-03	2.0510019819150256e-03	9.0492626836013550e-03	6.5756333237157027e-03	2.4736293598856519e-03
46                      	4.2532445302969224e-01	2.0689119843764173e-01	2.1843325459205051e-01	4.3674186983196854e-02	-4.8273015439331671e-02	9.1947202422528532e-02	-7.0110108930930101e-02	-5.7710280772043862e-03	2.2175634036005749e-03	1.0122677221709179e-02	7.2789020144551639e-03	2.8437752072540141e-03
47                      	4.1963295293492225e-01	2.0363187910841357e-01	2.1600107382650871e-01	5.0710896848149771e-02	-4.0783609484277547e-02	9.1494506332427325e-02	-6.6139057908352436e-02	-6.1845973590475677e-03	2.1067830242681978e-03	1.0806073448786429e-02	7.5098197486614133e-03	3.2962537001250164e-03
48                      	4.1375085849734528e-01	2.0058365665589212e-01	2.1316720184145316e-01	5.7083469704122494e-02	-3.4046340029526397e-02	9.1129809733648898e-02	-6.2588074881587644e-02	-6.2917725927805280e-03	1.8082709996413097e-03	1.1021956726629869e-02	7.3192493629562439e-03	3.7027073636736246e-03
49                      	4.0806092503181901e-01	1.9772115301215715e-01	2.1033977201966186e-01	5.8993130796468715e-02	-2.9707417265108851e-02	8.8700548061577567e-02	-5.9203982663343209e-02	-6.3093095037523592e-03	1.4001769960050329e-03	1.1279904992879519e-02	7.0401294924447924e-03	4.2397755004347270e-03
50                      	4.0285678028487759e-01	1.9509858542289679e-01	2.0775819486198080e-01	5.4983357740068801e-02	-2.7783062116367468e-02	8.2766419856436277e-02	-5.5274740986401873e-02	-6.3298047195419933e-03	1.1131384372599354e-03	1.1676842908872803e-02	6.9515598916963369e-03	4.7252830171764662e-03
51                      	3.9822771744446539e-01	1.9281172729340468e-01	2.0541599015106068e-01	4.6893489290702521e-02	-2.7101518470570456e-02	7.3995007761272977e-02	-5.0548263115921713e-02	-6.3021314288279947e-03	1.0090826183456691e-03	1.1920715194339642e-02	6.9694402155154904e-03	4.9512749788241522e-03
52                      	3.9449795436623736e-01	1.9101222673521925e-01	2.0348572763101813e-01	3.6540451204163167e-02	-2.7007265186595152e-02	6.3547716390758305e-02	-4.5277490788676732e-02	-6.2367504478994555e-03	1.0268691791768877e-03	1.2021102288819172e-02	7.0374203235864744e-03	4.9836819652326987e-03
53                      	3.9195591315736655e-01	1.8987669180697367e-01	2.0207922135039288e-01	2.3543419419284724e-02	-2.8150072705807352e-02	5.1693492125092069e-02	-3.9921782415449712e-02	-6.1012647717095976e-03	1.0960948387979707e-03	1.1871486765976342e-02	7.0318382217861410e-03	4.8396485441902001e-03
54                      	3.8988727547853547e-01	1.8907775116685149e-01	2.0080952431168397e-01	9.3583207288486670e-03	-3.0814589807781033e-02	4.0172910536629705e-02	-3.5493750172205366e-02	-5.8658865724162384e-03	9.0559740041741630e-04	1.1460911346006096e-02	6.6360530734204644e-03	4.8248582725856316e-03
55                      	3.8825151971843253e-01	1.8849879656522484e-01	1.9975272315320769e-01	-4.1825209394450776e-03	-3.3777095826625143e-02	2.9594574887180071e-02	-3.1685835356902607e-02	-5.6269632939914133e-03	3.5173096800452427e-04	1.1062845920366408e-02	5.8831539281877284e-03	5.1796919921786805e-03
56                      	3.8668200273307290e-01	1.8777170094865406e-01	1.9891030178441882e-01	-1.4944522841671916e-02	-3.6170795978589888e-02	2.1226273136917970e-02	-2.8698534557753931e-02	-5.5693004178823885e-03	-3.0747198425997075e-04	1.1191626228737497e-02	5.2883411301087773e-03	5.9032850986287201e-03
57                      	3.8515494931399508e-01	1.8688106808473515e-01	1.9827388122925996e-01	-2.2766231503877989e-02	-3.8318092125244452e-02	1.5551860621366469e-02	-2.6934976373305462e-02	-5.6964065722623939e-03	-8.2296552010876784e-04	1.2158905886147901e-02	5.2564874229651826e-03	6.9024184631827192e-03
58                      	3.8326220999607030e-01	1.8581950302431877e-01	1.9744270697175151e-01	-2.8342973792411661e-02	-4.1012858035639921e-02	1.2669884243228260e-02	-2.6841371139434092e-02	-5.8116019737163779e-03	-8.5155097835546084e-04	1.3619059565275527e-02	5.9579788042823023e-03	7.6610807609932240e-03
59                      	3.8102108821872699e-01	1.8473271279066061e-01	1.9628837542806640e-01	-3.2458490558898885e-02	-4.4093081893229732e-02	1.1634591334330842e-02	-2.7863836613780286e-02	-5.7778313187028954e-03	-4.2520782139368227e-04	1.5194539719557499e-02	7.1720620383850667e-03	8.0224776811724328e-03
60                      	3.7848437883091557e-01	1.8350303819354027e-01	1.9498134063737529e-01	-3.5414356901533876e-02	-4.7427530875765934e-02	1.2013173974232056e-02	-2.9720352424998996e-02	-5.7391512219175014e-03	2.7356301104511854e-04	1.6710079013501140e-02	8.6286025177956891e-03	8.0814764957054530e-03
61                      	3.7526360445521162e-01	1.8178083743928244e-01	1.9348276701592917e-01	-3.6225135783435301e-02	-5.0334884049964924e-02	1.4109748266529623e-02	-3.2222316158247270e-02	-5.8509647883233538e-03	1.0436882005676288e-03	1.8144677578324296e-02	1.0116026989729776e-02	8.0286505885945204e-03
62                      	3.7167174931817698e-01	1.7983317195245380e-01	1.9183857736572318e-01	-3.3857787744717892e-02	-5.1943539522271910e-02	1.8085751777554022e-02	-3.5014645649912968e-02	-6.0027027066346843e-03	1.5956728148510762e-03	1.9185702145781174e-02	1.1188523887741664e-02	7.9971782580395088e-03
63                      	3.6873034600019988e-01	1.7830477148832310e-01	1.9042557451187678e-01	-2.8294799451830839e-02	-5.1786471431915913e-02	2.3491671980085074e-02	-3.7639071706000490e-02	-6.0604015117768370e-03	1.8743782776256897e-03	1.9773496685792261e-02	1.1761126620521822e-02	8.0123700652704397e-03
64                      	3.6659205983880078e-01	1.7740835463932134e-01	1.8918370519947944e-01	-2.0217960954101093e-02	-5.0532020118570428e-02	3.0314059164469331e-02	-4.0423039641519880e-02	-5.8876752800790487e-03	2.0297288031355496e-03	1.9914548007239786e-02	1.1987002806755442e-02	7.9275452004843438e-03
65                      	3.6509525940573656e-01	1.7703897154693499e-01	1.8805628785880157e-01	-1.0352263427782069e-02	-4.8717860427906892e-02	3.8365597000124825e-02	-4.3541728714015862e-02	-5.5086581559332728e-03	2.2831414319108342e-03	1.9732767916948776e-02	1.2149525390385222e-02	7.5832425265635536e-03
66                      	3.6383569721155862e-01	1.7694519889865992e-01	1.8689049831289872e-01	1.5582027874820378e-03	-4.6486807474043886e-02	4.8045010261525918e-02	-4.7265908867784902e-02	-4.9726497071194090e-03	2.6180103228670860e-03	1.9342656217373477e-02	1.2289338431553824e-02	7.0533177858196523e-03
67                      	3.6217765525265966e-01	1.7668054843291445e-01	1.8549710681974518e-01	1.5005209964883805e-02	-4.3733175803367282e-02	5.8738385768251085e-02	-5.1235780785809183e-02	-4.4082791934153716e-03	3.0370559520026879e-03	1.8942279123317470e-02	1.2508195513661422e-02	6.4340836096560463e-03
68                      	3.5972055435724992e-01	1.7601611288821895e-01	1.8370444146903095e-01	2.7623989517170103e-02	-4.0997743079288482e-02	6.8621732596458582e-02	-5.4809737837873532e-02	-3.8441642904059863e-03	3.4944486609842958e-03	1.8596884732073039e-02	1.2792891027020815e-02	5.8039937050522235e-03
69                      	3.5699735232265623e-01	1.7516712021485076e-01	1.8183023210780544e-01	3.9116466983812437e-02	-3.8279058619054319e-02	7.7395525602866749e-02	-5.7837292110960531e-02	-3.3315559464773448e-03	3.9874857933852592e-03	1.8618597133641598e-02	1.3296784360206057e-02	5.3218127734355400e-03
70                      	3.5431113413988502e-01	1.7408562993361043e-01	1.8022550420627456e-01	5.0219777351715629e-02	-3.5164846816931536e-02	8.5384624168647172e-02	-6.0274735492789354e-02	-3.0699371363320815e-03	4.3712358013952221e-03	1.9284830412211643e-02	1.4013651007501043e-02	5.2711794047106001e-03
71                      	3.5159561290806324e-01	1.7267249993753533e-01	1.7892311297052790e-01	6.0648149830407422e-02	-3.2071702689991814e-02	9.2719852520399229e-02	-6.2395777605195525e-02	-3.1253065164962811e-03	4.6264970193397184e-03	2.0308301820994086e-02	1.4780647929836761e-02	5.5276538911573237e-03
72                      	3.4893894526641606e-01	1.7096954729571961e-01	1.7796939797069644e-01	6.9134665416643523e-02	-2.9658640624472907e-02	9.8793306041116427e-02	-6.4225973332794672e-02	-3.4999253374884192e-03	4.7222383572909600e-03	2.1285569296120015e-02	1.5365023005350968e-02	5.9205462907690482e-03
73                      	3.4687189745902092e-01	1.6933382015664444e-01	1.7753807730237650e-01	7.6098306483100009e-02	-2.7504889247464533e-02	1.0360319573056455e-01	-6.5554042489014544e-02	-4.1021285728660333e-03	4.6037845607005204e-03	2.1974530339609628e-02	1.5591049730505336e-02	6.3834806091042943e-03
74                      	3.4479351941221342e-01	1.6782507701777466e-01	1.7696844239443879e-01	8.2169117491139324e-02	-2.5784894533097926e-02	1.0795401202423724e-01	-6.6869453278667584e-02	-4.5716826883320594e-03	4.3656262456249918e-03	2.2217311230043245e-02	1.5474281860646612e-02	6.7430293693966307e-03
75                      	3.4244538190447138e-01	1.6637726428111974e-01	1.7606811762335167e-01	8.7749736972954351e-02	-2.4453410158293162e-02	1.1220314713124752e-01	-6.8328278644770341e-02	-4.8454266711159648e-03	4.1057556228332398e-03	2.1867718034361688e-02	1.5039614640014083e-02	6.8281033943476043e-03
76                      	3.3976059857566643e-01	1.6488329191837461e-01	1.7487730665729184e-01	9.2850929523852335e-02	-2.3545094459281053e-02	1.1639602398313338e-01	-6.9970559221207221e-02	-4.9970073694586082e-03	3.9145103573903304e-03	2.0704666526924587e-02	1.4266843620852622e-02	6.4378229060719633e-03
77                      	3.3661245664287309e-01	1.6314918152445915e-01	1.7346327511841397e-01	9.7353046996277642e-02	-2.3413608179048525e-02	1.2076665517532617e-01	-7.2090131677187350e-02	-5.1570467969774166e-03	3.8179712547967417e-03	1.8785977204281955e-02	1.3210959856937720e-02	5.5750173473442365e-03
78                      	3.3313275468177700e-01	1.6114497662697336e-01	1.7198777805480364e-01	1.0141498897677700e-01	-2.3924125454517050e-02	1.2533911443129406e-01	-7.4631619942905555e-02	-5.4214007139151412e-03	3.8579368817122277e-03	1.6338194877553218e-02	1.2027034320488838e-02	4.3111605570643812e-03
79                      	3.2978993905850285e-01	1.5911829454242410e-01	1.7067164451607872e-01	1.0435115354301830e-01	-2.5054582079049439e-02	1.2940573562206772e-01	-7.7230158850558589e-02	-5.7766749868273055e-03	4.0382745278484070e-03	1.3590728796341121e-02	1.0833638926018968e-02	2.7570898703221541e-03
80                      	3.2712980974126155e-01	1.5732614927401525e-01	1.6980366046724629e-01	1.0527838569871158e-01	-2.6638414431875621e-02	1.3191680013058718e-01	-7.9277607281231413e-02	-6.2387555966155151e-03	4.2759128473724055e-03	1.1062654816087579e-02	9.8072402554161969e-03	1.2554145606713839e-03
