# Force and moment coefficients
# dragDir               : (1.0000000000000000e+00 0.0000000000000000e+00 0.0000000000000000e+00)
# sideDir               : (0.0000000000000000e+00 1.0000000000000000e+00 0.0000000000000000e+00)
# liftDir               : (0.0000000000000000e+00 0.0000000000000000e+00 1.0000000000000000e+00)
# rollAxis              : (1.0000000000000000e+00 0.0000000000000000e+00 0.0000000000000000e+00)
# pitchAxis             : (0.0000000000000000e+00 1.0000000000000000e+00 0.0000000000000000e+00)
# yawAxis               : (0.0000000000000000e+00 0.0000000000000000e+00 1.0000000000000000e+00)
# magUInf               : 3.8889000000000003e+01
# lRef                  : 2.7861799999999999e+00
# Aref                  : 2.1699999999999999e+00
# CofR                  : (1.4000900000000001e+00 0.0000000000000000e+00 -3.1759999999999999e-01)
#
# Time                  	Cd                      	Cd(f)                   	Cd(r)                   	Cl                      	Cl(f)                   	Cl(r)                   	CmPitch                 	CmRoll                  	CmYaw                   	Cs                      	Cs(f)                   	Cs(r)                   
1                       	1.1955930008161888e+00	5.9555899676777768e-01	6.0003400404841112e-01	-6.1504226855772426e-01	-7.7087136702251868e-02	-5.3795513185547239e-01	2.3043399757661026e-01	-2.2375036403166882e-03	5.4156520586614030e-03	-3.8372603754122098e-04	5.2237890398907924e-03	-5.6075150774320135e-03
2                       	6.6645292678287460e-01	3.3042300259481650e-01	3.3602992418805810e-01	-4.3470376574301284e-01	-1.9755444861931712e-01	-2.3714931712369569e-01	1.9797434252189286e-02	-2.8034607966207978e-03	4.0892453182273655e-03	5.4970741215998598e-03	6.8377823790272954e-03	-1.3407082574274358e-03
3                       	3.9497560707285867e-01	1.9487935870515180e-01	2.0009624836770687e-01	-3.3987063836966785e-01	-2.1728986427047101e-01	-1.2258077409919685e-01	-4.7354545085637065e-02	-2.6084448312775396e-03	3.6800841942274463e-03	5.0877025446450499e-03	6.2239354665499722e-03	-1.1362329219049214e-03
4                       	3.1985579587864549e-01	1.5716612887961151e-01	1.6268966699903398e-01	-3.3558029322803656e-01	-2.3295797376387994e-01	-1.0262231946415663e-01	-6.5167827149861662e-02	-2.7617690597112319e-03	3.4656372057704902e-03	5.4294918387112539e-03	6.1803831251261172e-03	-7.5089128641486324e-04
5                       	3.2172926674924596e-01	1.5763376257231543e-01	1.6409550417693053e-01	-3.6706777224290987e-01	-2.4898648905699042e-01	-1.1808128318591944e-01	-6.5452602935535495e-02	-3.2308708023075566e-03	3.8530465523017930e-03	6.6977747198442702e-03	7.2019339122239281e-03	-5.0415919237965800e-04
6                       	3.4892070929924712e-01	1.7068399327424855e-01	1.7823671602499860e-01	-3.9809068882925791e-01	-2.5970600277885136e-01	-1.3838468605040657e-01	-6.0660658364222388e-02	-3.7763613753750347e-03	4.4816464605720611e-03	8.2041851016739394e-03	8.5837390114090299e-03	-3.7955390973509089e-04
7                       	3.7913742512010445e-01	1.8533662704463405e-01	1.9380079807547038e-01	-4.1453581257060174e-01	-2.6195410079551495e-01	-1.5258171177508681e-01	-5.4686194510214059e-02	-4.2320855154181509e-03	5.0943530499486418e-03	9.5728798935920487e-03	9.8807929967446671e-03	-3.0791310315261752e-04
8                       	4.0431562167862839e-01	1.9759880371387764e-01	2.0671681796475072e-01	-4.1143657051378663e-01	-2.5577623475263728e-01	-1.5566033576114938e-01	-5.0057949495743936e-02	-4.5590071254365183e-03	5.4555933389597118e-03	1.0553830958686455e-02	1.0732508818302939e-02	-1.7867785961648349e-04
9                       	4.2189234342265769e-01	2.0621501091708841e-01	2.1567733250556931e-01	-3.8672131207370447e-01	-2.4148483948714336e-01	-1.4523647258656108e-01	-4.8124183450291132e-02	-4.7311607942404459e-03	5.5224565052368578e-03	1.1073953696181908e-02	1.1059433353327812e-02	1.4520342854096449e-05
10                      	4.3355328592568798e-01	2.1199873569190308e-01	2.2155455023378490e-01	-3.4833526858368302e-01	-2.2400372323328885e-01	-1.2433154535039420e-01	-4.9836088941447323e-02	-4.7779072709409056e-03	5.3899071745491306e-03	1.1256076826397662e-02	1.1017945587747961e-02	2.3813123864970090e-04
11                      	4.4149751155174599e-01	2.1600471312952221e-01	2.2549279842222378e-01	-3.0550743985716861e-01	-2.0607508691243048e-01	-9.9432352944738109e-02	-5.3321366983846187e-02	-4.7440426463507745e-03	5.0064470961507911e-03	1.1118117308092859e-02	1.0565505750197220e-02	5.5261155789563892e-04
12                      	4.4586040250687248e-01	2.1819266740954940e-01	2.2766773509732310e-01	-2.6510514614690606e-01	-1.8996774923946086e-01	-7.5137396907445198e-02	-5.7415176166007824e-02	-4.7375338438868592e-03	4.6031518019470970e-03	1.0883870233361613e-02	1.0045086918627903e-02	8.3878331473370954e-04
13                      	4.4788403158698109e-01	2.1918885364478527e-01	2.2869517794219582e-01	-2.2993617312991574e-01	-1.7548236807878240e-01	-5.4453805051133349e-02	-6.0514281513824521e-02	-4.7531621487052764e-03	4.2398665990806897e-03	1.0573464698179101e-02	9.5265989481702409e-03	1.0468657500088611e-03
14                      	4.4763391629591520e-01	2.1901524984625492e-01	2.2861866644966025e-01	-2.0331158989756498e-01	-1.6323216158787426e-01	-4.0079428309690704e-02	-6.1576366639091780e-02	-4.8017083017026802e-03	3.8960727407467872e-03	1.0303805889675296e-02	9.0479756855844362e-03	1.2558302040908606e-03
15                      	4.4623860746093275e-01	2.1836694034218443e-01	2.2787166711874832e-01	-1.8439634083343440e-01	-1.5370039182910952e-01	-3.0695949004324884e-02	-6.1502221412392311e-02	-4.7523633882819291e-03	3.5791052556142572e-03	1.0052372962346777e-02	8.6052917367876458e-03	1.4470812255591315e-03
16                      	4.4463463191447727e-01	2.1769975221996662e-01	2.2693487969451062e-01	-1.7017199573703437e-01	-1.4600820271936732e-01	-2.4163793017667079e-02	-6.0922204850850106e-02	-4.6175637372720055e-03	3.4267767788367094e-03	9.7415733077118385e-03	8.2975634326926274e-03	1.4440098750192101e-03
17                      	4.4353072852341158e-01	2.1737514299952948e-01	2.2615558552388210e-01	-1.5602822893237164e-01	-1.3891945198998421e-01	-1.7108776942387438e-02	-6.0905337523798384e-02	-4.3902212621763081e-03	3.3387469359069111e-03	9.5358515714967472e-03	8.1066727216552847e-03	1.4291788498414625e-03
18                      	4.4267230051611783e-01	2.1723138643949969e-01	2.2544091407661815e-01	-1.3899461707913571e-01	-1.3124220782307278e-01	-7.7524092560629226e-03	-6.1744899283504934e-02	-4.1047638185592213e-03	3.2833674099256136e-03	9.2612765506532111e-03	7.9140056852522195e-03	1.3472708654009918e-03
19                      	4.4216124856436340e-01	2.1731737245301433e-01	2.2484387611134909e-01	-1.1873935095416177e-01	-1.2278421781888395e-01	4.0448668647221908e-03	-6.3414542341803076e-02	-3.7632518291673936e-03	3.3335961423600997e-03	8.9351937727466177e-03	7.8011930287334086e-03	1.1340007440132091e-03
20                      	4.4232958436946701e-01	2.1767886707178513e-01	2.2465071729768188e-01	-9.5186246056461019e-02	-1.1304407352151599e-01	1.7857827465054973e-02	-6.5450950493285490e-02	-3.4859251129483668e-03	3.5123371611055897e-03	8.8060462930457627e-03	7.9153603076284711e-03	8.9068598541729182e-04
21                      	4.4290024497836189e-01	2.1806411632152981e-01	2.2483612865683208e-01	-6.9347917965161904e-02	-1.0198872708824469e-01	3.2640809123082794e-02	-6.7314768105663739e-02	-3.3860061676511256e-03	3.8710912655563479e-03	8.8709754655596582e-03	8.3065789983361761e-03	5.6439646722348158e-04
22                      	4.4338397919083178e-01	2.1820482177241438e-01	2.2517915741841743e-01	-4.3714427556984972e-02	-9.0256769122033995e-02	4.6542341565049029e-02	-6.8399555343541515e-02	-3.4871678230015248e-03	4.3124496948847811e-03	9.2594959812804817e-03	8.9421976855250229e-03	3.1729829575545949e-04
23                      	4.4345392706521186e-01	2.1797030621770624e-01	2.2548362084750564e-01	-2.0673644505497239e-02	-7.8648256598494684e-02	5.7974612092997431e-02	-6.8311434345746061e-02	-3.7566573148997079e-03	4.7421435001841258e-03	1.0169488141356466e-02	9.8268875708623585e-03	3.4260057049410717e-04
24                      	4.4277362525070801e-01	2.1731329725095641e-01	2.2546032799975158e-01	8.3194287833230859e-04	-6.7291979619087838e-02	6.8123922497420150e-02	-6.7707951058254001e-02	-4.0735153743975770e-03	5.2668498436507201e-03	1.1677213962403416e-02	1.1105456824852427e-02	5.7175713755098752e-04
25                      	4.4194790173622778e-01	2.1652118662963907e-01	2.2542671510658868e-01	1.9780863276742004e-02	-5.7500354926360936e-02	7.7281218203102936e-02	-6.7390786564731936e-02	-4.4527642384748030e-03	5.9851816103948813e-03	1.3837960611218910e-02	1.2904161916004336e-02	9.3379869521457407e-04
26                      	4.4175629460778865e-01	2.1593769975947466e-01	2.2581859484831396e-01	3.5147882430650944e-02	-5.0107982916075336e-02	8.5255865346726273e-02	-6.7681924131400797e-02	-4.9404475444196367e-03	6.7635481576934515e-03	1.6366725346398707e-02	1.4946910830892805e-02	1.4198145155059022e-03
27                      	4.4209771539505155e-01	2.1562100308899321e-01	2.2647671230605834e-01	4.5858890258951013e-02	-4.5336306941079055e-02	9.1195197200030068e-02	-6.8265752070554561e-02	-5.4278546085325743e-03	7.4398090698339714e-03	1.8548405101202526e-02	1.6714011620435235e-02	1.8343934807672926e-03
28                      	4.4277115108010123e-01	2.1563711019399034e-01	2.2713404088611089e-01	5.0259926393978867e-02	-4.3867257378657355e-02	9.4127183772636236e-02	-6.8997220575646792e-02	-5.7484653460602771e-03	7.9357811717653357e-03	1.9906458775088520e-02	1.7889010559309595e-02	2.0174482157789241e-03
29                      	4.4361564960308142e-01	2.1588627444469355e-01	2.2772937515838787e-01	4.8147936290888010e-02	-4.5852931734051958e-02	9.4000868024939968e-02	-6.9926899879495963e-02	-5.9215503568471580e-03	8.2916132474756352e-03	2.0495281031299627e-02	1.8539253763125447e-02	1.9560272681741785e-03
30                      	4.4404847318373813e-01	2.1609997300576975e-01	2.2794850017796839e-01	4.2393647807817028e-02	-4.9563597359446085e-02	9.1957245167263113e-02	-7.0760421263354606e-02	-5.9242635860993105e-03	8.2003112218161141e-03	2.0345262900199747e-02	1.8372942671915988e-02	1.9723202282837591e-03
31                      	4.4353651905676972e-01	2.1605293718491822e-01	2.2748358187185153e-01	3.6568072213800186e-02	-5.2792537916187439e-02	8.9360610129987625e-02	-7.1076574023087535e-02	-5.7153223434666450e-03	7.6216983616088172e-03	1.9474587429470454e-02	1.7358992076344046e-02	2.1155953531264093e-03
32                      	4.4234984665010263e-01	2.1563374154762335e-01	2.2671610510247928e-01	3.1338127642344282e-02	-5.5288180836216241e-02	8.6626308478560524e-02	-7.0957244657388382e-02	-5.5411817774279424e-03	6.7633290738401113e-03	1.8268306135956768e-02	1.5897482141818495e-02	2.3708239941382723e-03
33                      	4.4093977768920084e-01	2.1509509440569846e-01	2.2584468328350235e-01	2.7377968464357558e-02	-5.6730874178924640e-02	8.4108842643282195e-02	-7.0419858411103417e-02	-5.3747944389019378e-03	5.7144899428140947e-03	1.6789896461884994e-02	1.4109438173756591e-02	2.6804582881284024e-03
34                      	4.3939154561361432e-01	2.1450245577714952e-01	2.2488908983646477e-01	2.7581178838181515e-02	-5.6053963553275521e-02	8.3635142391457029e-02	-6.9844552972366275e-02	-5.1933170296576308e-03	4.3237005671153822e-03	1.5080834522769567e-02	1.1864117828500166e-02	3.2167166942694012e-03
35                      	4.3814499369784543e-01	2.1426343667754191e-01	2.2388155702030349e-01	3.2083954316730952e-02	-5.3796919517951063e-02	8.5880873834682014e-02	-6.9838896676316542e-02	-4.8090601713807911e-03	2.8239832923212279e-03	1.3077798056993949e-02	9.3628823208182031e-03	3.7149157361757472e-03
36                      	4.3766144946494201e-01	2.1453564046670193e-01	2.2312580899824008e-01	3.8809677724003101e-02	-5.0576015165268128e-02	8.9385692889271229e-02	-6.9980854027269682e-02	-4.2950842657690797e-03	1.6542086796405568e-03	1.1478771597242548e-02	7.3935944782618310e-03	4.0851771189807165e-03
37                      	4.3818446362556052e-01	2.1525677205239135e-01	2.2292769157316916e-01	4.4998177188697454e-02	-4.8069613828827150e-02	9.3067791017524604e-02	-7.0568702423175880e-02	-3.8354597603889027e-03	9.8785454591548906e-04	1.0929104752968240e-02	6.4524069223996089e-03	4.4766978305686303e-03
38                      	4.3924572354896163e-01	2.1603756834999197e-01	2.2320815519896969e-01	4.8462796208880270e-02	-4.7643818998309773e-02	9.6106615207190049e-02	-7.1875217102749911e-02	-3.5852934244888540e-03	9.9235878751595397e-04	1.1576766208935265e-02	6.7807418919835875e-03	4.7960243169516787e-03
39                      	4.4087630570822517e-01	2.1688964524287604e-01	2.2398666046534912e-01	4.8940333238102027e-02	-4.8548733994010794e-02	9.7489067232112814e-02	-7.3018900613061807e-02	-3.5485076112365295e-03	1.7240485545868814e-03	1.2968992169877878e-02	8.2085446395258194e-03	4.7604475303520567e-03
40                      	4.4230703985663056e-01	2.1746842287799389e-01	2.2483861697863669e-01	4.7421270367695063e-02	-4.9591902401690674e-02	9.7013172769385730e-02	-7.3302537585538202e-02	-3.6850970503213933e-03	2.7478911198857790e-03	1.4327865430412751e-02	9.9118238350921553e-03	4.4160415953205965e-03
41                      	4.4220443340754345e-01	2.1708753704897296e-01	2.2511689635857052e-01	4.5329295214434746e-02	-5.1139076654370369e-02	9.6468371868805108e-02	-7.3803724261587739e-02	-4.0146796547987822e-03	3.7732004940270779e-03	1.5155875764019791e-02	1.1351138376036974e-02	3.8047373879828176e-03
42                      	4.3985995372269354e-01	2.1538679182797957e-01	2.2447316189471400e-01	4.4518339450715122e-02	-5.2620540973484932e-02	9.7138880424200061e-02	-7.4879710698842486e-02	-4.5431850333672143e-03	4.7593155021945707e-03	1.5905929339813177e-02	1.2712280172101157e-02	3.1936491677120172e-03
43                      	4.3573082579538736e-01	2.1269212449329566e-01	2.2303870130209166e-01	4.5881469508088572e-02	-5.3313725548843567e-02	9.9195195056932139e-02	-7.6254460302887850e-02	-5.1732884043980019e-03	5.5952929515606774e-03	1.6918925768326799e-02	1.4054755835724077e-02	2.8641699326027222e-03
44                      	4.3075189224846444e-01	2.0969008206155168e-01	2.2106181018691276e-01	4.8045225758724268e-02	-5.3138726887435608e-02	1.0118395264615988e-01	-7.7161339766797746e-02	-5.6858640626805236e-03	6.3324842555883094e-03	1.7875270241695135e-02	1.5270119376435878e-02	2.6051508652592584e-03
45                      	4.2572400239174024e-01	2.0686125683401638e-01	2.1886274555772386e-01	5.1699669874869403e-02	-5.0438718446967797e-02	1.0213838832183719e-01	-7.6288553384402491e-02	-6.0007443618537567e-03	6.8250858519112757e-03	1.8652391398676769e-02	1.6151281551249660e-02	2.5011098474271099e-03
46                      	4.2107013796197890e-01	2.0426649769038580e-01	2.1680364027159310e-01	5.7543662970023203e-02	-4.3914667728989429e-02	1.0145833069901262e-01	-7.2686499214001027e-02	-6.2685712906036294e-03	6.9102422696308043e-03	1.9299623485765610e-02	1.6560054012513609e-02	2.7395694732519999e-03
47                      	4.1676568845687301e-01	2.0203481423389619e-01	2.1473087422297682e-01	6.2351925035446967e-02	-3.5933547370459118e-02	9.8285472405906099e-02	-6.7109509888182609e-02	-6.3480299945403284e-03	6.5061521974765883e-03	1.9287942846064436e-02	1.6150123620508806e-02	3.1378192255556302e-03
48                      	4.1256670293811493e-01	2.0006480188075168e-01	2.1250190105736322e-01	6.1514067665365053e-02	-3.0059132875876218e-02	9.1573200541241268e-02	-6.0816166708558744e-02	-6.2185495883057681e-03	5.8911284659281969e-03	1.8715981376121023e-02	1.5249119153988709e-02	3.4668622221323145e-03
49                      	4.0865567709045347e-01	1.9826963000910239e-01	2.1038604708135109e-01	5.3556874080969569e-02	-2.7569370041861101e-02	8.1126244122830676e-02	-5.4347807082345892e-02	-6.0582085361243331e-03	5.3379409210003916e-03	1.8473250599170418e-02	1.4574566220585599e-02	3.8986843785848166e-03
50                      	4.0501325210951528e-01	1.9660087758626005e-01	2.0841237452325520e-01	4.1044376300577209e-02	-2.7214796514417328e-02	6.8259172814994537e-02	-4.7736984664705932e-02	-5.9057484684975825e-03	4.9886037777254017e-03	1.9055751152707870e-02	1.4516479354079338e-02	4.5392717986285341e-03
51                      	4.0180296575224128e-01	1.9515153727856782e-01	2.0665142847367349e-01	2.7449201843292394e-02	-2.7215297164311415e-02	5.4664499007603805e-02	-4.0939898085957611e-02	-5.7499455975528338e-03	4.8971557454321251e-03	2.0258188273241988e-02	1.5026249882053118e-02	5.2319383911888680e-03
52                      	3.9937845792402443e-01	1.9399194425436211e-01	2.0538651366966232e-01	1.4926898558780365e-02	-2.6134428144631378e-02	4.1061326703411741e-02	-3.3597877424021559e-02	-5.6972847076500986e-03	5.0218050508290648e-03	2.1615975568746674e-02	1.5829792835202399e-02	5.7861827335442713e-03
53                      	3.9763486642899387e-01	1.9311146009850283e-01	2.0452340633049104e-01	3.3067372499935768e-03	-2.4603976973517499e-02	2.7910714223511077e-02	-2.6257345598514288e-02	-5.7059731159940993e-03	5.0524017878975699e-03	2.2701343950886341e-02	1.6403073763340738e-02	6.2982701875456005e-03
54                      	3.9651625944055180e-01	1.9258970370401257e-01	2.0392655573653923e-01	-6.3207760541348218e-03	-2.3466130086129047e-02	1.7145354031994228e-02	-2.0305742059061639e-02	-5.6684260162633291e-03	4.8567161384921445e-03	2.3089116780579108e-02	1.6401274528781699e-02	6.6878422517974096e-03
55                      	3.9563439008757062e-01	1.9223352670317223e-01	2.0340086338439836e-01	-1.4681339849088648e-02	-2.3343372354942792e-02	8.6620325058541416e-03	-1.6002702430398467e-02	-5.5836683406130507e-03	4.4834847278392466e-03	2.2874386491645950e-02	1.5920677973662221e-02	6.9537085179837282e-03
56                      	3.9489333475375465e-01	1.9189661419674151e-01	2.0299672055701312e-01	-2.1976451916674276e-02	-2.3701721992949631e-02	1.7252700762753559e-03	-1.2713496034612495e-02	-5.5500531801358152e-03	4.0337451171191686e-03	2.2499994237876266e-02	1.5283742236057302e-02	7.2162520018189645e-03
57                      	3.9368042336283315e-01	1.9116439314704609e-01	2.0251603021578704e-01	-2.7575960153897242e-02	-2.4228468517758957e-02	-3.3474916361382837e-03	-1.0440488440810337e-02	-5.6758185343704741e-03	3.5893550106389678e-03	2.2668112178466166e-02	1.4923411099872051e-02	7.7447010785941153e-03
58                      	3.9189157788502166e-01	1.9007489663470861e-01	2.0181668125031302e-01	-3.1132129931602692e-02	-2.5556764791088295e-02	-5.5753651405143993e-03	-9.9906998252869486e-03	-5.8708923078021882e-03	3.3577162148732695e-03	2.3342177270909311e-02	1.5028804850327924e-02	8.3133724205813851e-03
59                      	3.8990305982725293e-01	1.8883228381458975e-01	2.0107077601266318e-01	-3.2793288352978130e-02	-2.7931650047311348e-02	-4.8616383056667824e-03	-1.1535005870822283e-02	-6.1192460990367259e-03	3.3285813242944803e-03	2.4259104847458336e-02	1.5458133748023647e-02	8.8009710994346874e-03
60                      	3.8783103441270445e-01	1.8748014232695870e-01	2.0035089208574572e-01	-3.2954108094014709e-02	-3.0776404054960523e-02	-2.1777040390541904e-03	-1.4299350007953165e-02	-6.4353748793935092e-03	3.4272574700328533e-03	2.5269323655762923e-02	1.6061919297914312e-02	9.2074043578486073e-03
61                      	3.8562885955820048e-01	1.8608385000123784e-01	1.9954500955696264e-01	-3.1458387502849079e-02	-3.3426031113350088e-02	1.9676436105010107e-03	-1.7696837361925549e-02	-6.7305797778623938e-03	3.6163751833006479e-03	2.6174713316327567e-02	1.6703731841464432e-02	9.4709814748631348e-03
62                      	3.8344027566901745e-01	1.8473630073446895e-01	1.9870397493454850e-01	-2.8825102810796244e-02	-3.5653688294802595e-02	6.8285854840063522e-03	-2.1241136889404474e-02	-6.9838371000397670e-03	3.9248537515558868e-03	2.7093747682076837e-02	1.7471727592594306e-02	9.6220200894825310e-03
63                      	3.8092579425954770e-01	1.8333775238972361e-01	1.9758804186982412e-01	-2.4927728825509688e-02	-3.7610689893780483e-02	1.2682961068270790e-02	-2.5146825481025634e-02	-7.1251447400502649e-03	4.3821786664896972e-03	2.7779781293310442e-02	1.8272069313144918e-02	9.5077119801655220e-03
64                      	3.7827891279690962e-01	1.8198352172227525e-01	1.9629539107463434e-01	-1.8469596478292730e-02	-3.8828385051851558e-02	2.0358788573558821e-02	-2.9593586812705186e-02	-7.1559346761795465e-03	5.0300812199657822e-03	2.8323238325202817e-02	1.9191700382567189e-02	9.1315379426356279e-03
65                      	3.7619904498848533e-01	1.8102283124555749e-01	1.9517621374292782e-01	-9.9998662246484384e-03	-3.9027019430983037e-02	2.9027153206334609e-02	-3.4027086318658827e-02	-7.0766912486851744e-03	5.7818859180270949e-03	2.8785595665206758e-02	2.0174683750630473e-02	8.6109119145762834e-03
66                      	3.7468029862360519e-01	1.8045731523124070e-01	1.9422298339236446e-01	9.2100308450621517e-04	-3.7683480992302766e-02	3.8604484076808977e-02	-3.8143982534555872e-02	-6.8828340805618940e-03	6.6409755541702101e-03	2.9132949389740193e-02	2.1207450249040305e-02	7.9254991406998865e-03
67                      	3.7328606740605097e-01	1.8002987512191493e-01	1.9325619228413604e-01	1.3815084388221736e-02	-3.4819252183663614e-02	4.8634336571885352e-02	-4.1726794377774483e-02	-6.6131585811105573e-03	7.6395406277308033e-03	2.9383146946339481e-02	2.2331114100900544e-02	7.0520328454389374e-03
68                      	3.7147609924302166e-01	1.7941245609976625e-01	1.9206364314325541e-01	2.6348966192128044e-02	-3.1889265335158054e-02	5.8238231527286091e-02	-4.5063748431222073e-02	-6.3255935217445772e-03	8.6945724329993337e-03	2.9803972226919894e-02	2.3596558546459281e-02	6.2074136804606142e-03
69                      	3.6903983625955972e-01	1.7838031280677452e-01	1.9065952345278522e-01	3.6506628667008392e-02	-3.0195390670730113e-02	6.6702019337738505e-02	-4.8448705004234309e-02	-6.1396053230053493e-03	9.6978277855848168e-03	3.0447873270912026e-02	2.4921764421040830e-02	5.5261088498711969e-03
70                      	3.6628940683779676e-01	1.7712939212831982e-01	1.8916001470947696e-01	4.3782346854028792e-02	-3.0115783307219909e-02	7.3898130161248701e-02	-5.2006956734234305e-02	-6.0153112905785653e-03	1.0651554519366082e-02	3.1034610811076609e-02	2.6168859924904385e-02	4.8657508861722218e-03
71                      	3.6373684829122382e-01	1.7599845675509374e-01	1.8773839153613009e-01	4.8892701117374579e-02	-3.1245134281282151e-02	8.0137835398656723e-02	-5.5691484839969441e-02	-5.8699673905181710e-03	1.1439883031374408e-02	3.1480091744036556e-02	2.7179928903392690e-02	4.3001628406438720e-03
72                      	3.6133825353311261e-01	1.7494647406920055e-01	1.8639177946391208e-01	5.2667274287516871e-02	-3.3271705762436085e-02	8.5938980049952957e-02	-5.9605342906194521e-02	-5.7226526973557521e-03	1.1994765278041889e-02	3.1957256910555683e-02	2.7973393733319731e-02	3.9838631772359514e-03
73                      	3.5881653184439810e-01	1.7374735680609649e-01	1.8506917503830161e-01	5.6993785165053011e-02	-3.5322691810043057e-02	9.2316476975096054e-02	-6.3819584392569559e-02	-5.6609091161025646e-03	1.2381105842210508e-02	3.2621539003694584e-02	2.8691875344057798e-02	3.9296636596367843e-03
74                      	3.5618359002150840e-01	1.7230131605232318e-01	1.8388227396918522e-01	6.2709303778370293e-02	-3.6868047946026050e-02	9.9577351724396357e-02	-6.8222699835211204e-02	-5.7904789584310341e-03	1.2674608921950934e-02	3.3568466846445093e-02	2.9458842345173479e-02	4.1096245012716128e-03
75                      	3.5352005785930402e-01	1.7066053030980802e-01	1.8285952754949603e-01	6.9332595865787452e-02	-3.7765071585405513e-02	1.0709766745119297e-01	-7.2431369518299232e-02	-6.0994986198439878e-03	1.3007053638988712e-02	3.4618365522837383e-02	3.0316236400407402e-02	4.3021291224299794e-03
76                      	3.5090094615314504e-01	1.6897789542159530e-01	1.8192305073154974e-01	7.7047637863129501e-02	-3.7454221198237540e-02	1.1450185906136703e-01	-7.5978040129802291e-02	-6.4725776549772246e-03	1.3274315886976931e-02	3.5487405770369865e-02	3.1018018772161864e-02	4.4693869982080012e-03
77                      	3.4830831623836872e-01	1.6741847536931728e-01	1.8088984086905144e-01	8.7087384544224225e-02	-3.5088011252590819e-02	1.2217539579681506e-01	-7.8631703524702931e-02	-6.7356827498670658e-03	1.3415755220512304e-02	3.5927484173440632e-02	3.1379497307232614e-02	4.5479868662080111e-03
78                      	3.4553206382205182e-01	1.6598932093552571e-01	1.7954274288652611e-01	9.8764403584082797e-02	-3.0838155364832039e-02	1.2960255894891484e-01	-8.0220357156873437e-02	-6.7767109755001937e-03	1.3458973465391216e-02	3.5911718836377574e-02	3.1414832883580004e-02	4.4968859527975700e-03
79                      	3.4252490341019171e-01	1.6457734454187084e-01	1.7794755886832089e-01	1.0959434268048837e-01	-2.6069149784363990e-02	1.3566349246485238e-01	-8.0866321124608176e-02	-6.6851071632250351e-03	1.3515013381174923e-02	3.5636118078929128e-02	3.1333072420639485e-02	4.3030456582896417e-03
80                      	3.3963558518624343e-01	1.6314497636266936e-01	1.7649060882357406e-01	1.1716255322191571e-01	-2.2417368698760362e-02	1.3957992192067606e-01	-8.0998645309718217e-02	-6.6728162304523593e-03	1.3609570283066148e-02	3.5502397638215256e-02	3.1360769102173773e-02	4.1416285360414808e-03
