# Force and moment coefficients
# dragDir               : (1.0000000000000000e+00 0.0000000000000000e+00 0.0000000000000000e+00)
# sideDir               : (0.0000000000000000e+00 1.0000000000000000e+00 0.0000000000000000e+00)
# liftDir               : (0.0000000000000000e+00 0.0000000000000000e+00 1.0000000000000000e+00)
# rollAxis              : (1.0000000000000000e+00 0.0000000000000000e+00 0.0000000000000000e+00)
# pitchAxis             : (0.0000000000000000e+00 1.0000000000000000e+00 0.0000000000000000e+00)
# yawAxis               : (0.0000000000000000e+00 0.0000000000000000e+00 1.0000000000000000e+00)
# magUInf               : 3.8889000000000003e+01
# lRef                  : 2.7861799999999999e+00
# Aref                  : 2.1699999999999999e+00
# CofR                  : (1.4000900000000001e+00 0.0000000000000000e+00 -3.1759999999999999e-01)
#
# Time                  	Cd                      	Cd(f)                   	Cd(r)                   	Cl                      	Cl(f)                   	Cl(r)                   	CmPitch                 	CmRoll                  	CmYaw                   	Cs                      	Cs(f)                   	Cs(r)                   
1                       	1.1955930008171221e+00	5.9555899676818691e-01	6.0003400404893514e-01	-6.1504226856028354e-01	-7.7087136704803716e-02	-5.3795513185547983e-01	2.3043399757533803e-01	-2.2375036403741635e-03	5.4156520583182634e-03	-3.8372603698542870e-04	5.2237890398255495e-03	-5.6075150768109773e-03
2                       	6.6645292678297341e-01	3.3042300259486201e-01	3.3602992418811134e-01	-4.3470376574314790e-01	-1.9755444861964258e-01	-2.3714931712350532e-01	1.9797434251931360e-02	-2.8034607966246337e-03	4.0892453181589879e-03	5.4970741216037794e-03	6.8377823789608780e-03	-1.3407082573570982e-03
3                       	3.9497560707283180e-01	1.9487935870514550e-01	2.0009624836768633e-01	-3.3987063836955833e-01	-2.1728986427046451e-01	-1.2258077409909378e-01	-4.7354545085685373e-02	-2.6084448312704255e-03	3.6800841942274749e-03	5.0877025446076068e-03	6.2239354665312788e-03	-1.1362329219236720e-03
4                       	3.1985579587864105e-01	1.5716612887961234e-01	1.6268966699902870e-01	-3.3558029322799920e-01	-2.3295797376387539e-01	-1.0262231946412380e-01	-6.5167827149875804e-02	-2.7617690597081870e-03	3.4656372057774638e-03	5.4294918387023366e-03	6.1803831251286316e-03	-7.5089128642629550e-04
5                       	3.2172926674925778e-01	1.5763376257232475e-01	1.6409550417693303e-01	-3.6706777224293052e-01	-2.4898648905700521e-01	-1.1808128318592530e-01	-6.5452602935539950e-02	-3.2308708023041375e-03	3.8530465523063393e-03	6.6977747198413776e-03	7.2019339122270281e-03	-5.0415919238565039e-04
6                       	3.4892070929926533e-01	1.7068399327425993e-01	1.7823671602500540e-01	-3.9809068882929249e-01	-2.5970600277887451e-01	-1.3838468605041801e-01	-6.0660658364228251e-02	-3.7763613753727561e-03	4.4816464605761065e-03	8.2041851016763055e-03	8.5837390114142601e-03	-3.7955390973795302e-04
7                       	3.7913742512011750e-01	1.8533662704464432e-01	1.9380079807547318e-01	-4.1453581257064531e-01	-2.6195410079554043e-01	-1.5258171177510491e-01	-5.4686194510217744e-02	-4.2320855154144342e-03	5.0943530499533455e-03	9.5728798935955598e-03	9.8807929967511254e-03	-3.0791310315556584e-04
8                       	4.0431562167863655e-01	1.9759880371388655e-01	2.0671681796475003e-01	-4.1143657051384563e-01	-2.5577623475265748e-01	-1.5566033576118818e-01	-5.0057949495734659e-02	-4.5590071254317313e-03	5.4555933389666871e-03	1.0553830958699320e-02	1.0732508818316345e-02	-1.7867785961702711e-04
9                       	4.2189234342265852e-01	2.0621501091709407e-01	2.1567733250556445e-01	-3.8672131207376415e-01	-2.4148483948715360e-01	-1.4523647258661052e-01	-4.8124183450271529e-02	-4.7311607942351992e-03	5.5224565052451506e-03	1.1073953696201162e-02	1.1059433353345732e-02	1.4520342855430017e-05
10                      	4.3355328592568620e-01	2.1199873569190952e-01	2.2155455023377671e-01	-3.4833526858375319e-01	-2.2400372323330042e-01	-1.2433154535045278e-01	-4.9836088941423815e-02	-4.7779072709335946e-03	5.3899071745569377e-03	1.1256076826417948e-02	1.1017945587765912e-02	2.3813123865203646e-04
11                      	4.4149751155175343e-01	2.1600471312953298e-01	2.2549279842222048e-01	-3.0550743985725859e-01	-2.0607508691244228e-01	-9.9432352944816282e-02	-5.3321366983812991e-02	-4.7440426463437341e-03	5.0064470961579859e-03	1.1118117308118387e-02	1.0565505750217179e-02	5.5261155790120771e-04
12                      	4.4586040250687503e-01	2.1819266740955842e-01	2.2766773509731661e-01	-2.6510514614696618e-01	-1.8996774923944573e-01	-7.5137396907520457e-02	-5.7415176165962638e-02	-4.7375338438790937e-03	4.6031518019540993e-03	1.0883870233387950e-02	1.0045086918648074e-02	8.3878331473987550e-04
13                      	4.4788403158698720e-01	2.1918885364479795e-01	2.2869517794218927e-01	-2.2993617312998837e-01	-1.7548236807876130e-01	-5.4453805051227093e-02	-6.0514281513767094e-02	-4.7531621486956660e-03	4.2398665990904553e-03	1.0573464698205097e-02	9.5265989481930040e-03	1.0468657500120934e-03
14                      	4.4763391629591665e-01	2.1901524984626247e-01	2.2861866644965417e-01	-2.0331158989760534e-01	-1.6323216158784254e-01	-4.0079428309762820e-02	-6.1576366639039849e-02	-4.8017083016958393e-03	3.8960727407551681e-03	1.0303805889702358e-02	9.0479756856063475e-03	1.2558302040960104e-03
15                      	4.4623860746093352e-01	2.1836694034219012e-01	2.2787166711874340e-01	-1.8439634083344839e-01	-1.5370039182907425e-01	-3.0695949004374119e-02	-6.1502221412350074e-02	-4.7523633882766390e-03	3.5791052556245389e-03	1.0052372962368054e-02	8.6052917368085648e-03	1.4470812255594878e-03
16                      	4.4463463191447555e-01	2.1769975221996793e-01	2.2693487969450760e-01	-1.7017199573701897e-01	-1.4600820271931986e-01	-2.4163793017699126e-02	-6.0922204850810360e-02	-4.6175637372698553e-03	3.4267767788437194e-03	9.7415733077320602e-03	8.2975634327097508e-03	1.4440098750223105e-03
17                      	4.4353072852340647e-01	2.1737514299952898e-01	2.2615558552387749e-01	-1.5602822893233292e-01	-1.3891945198994241e-01	-1.7108776942390522e-02	-6.0905337523775936e-02	-4.3902212621742646e-03	3.3387469359127371e-03	9.5358515715123771e-03	8.1066727216689265e-03	1.4291788498434514e-03
18                      	4.4267230051611711e-01	2.1723138643950124e-01	2.2544091407661584e-01	-1.3899461707905059e-01	-1.3124220782301607e-01	-7.7524092560344923e-03	-6.1744899283490792e-02	-4.1047638185573018e-03	3.2833674099259015e-03	9.2612765506651946e-03	7.9140056852584992e-03	1.3472708654066958e-03
19                      	4.4216124856436090e-01	2.1731737245301827e-01	2.2484387611134260e-01	-1.1873935095403881e-01	-1.2278421781883198e-01	4.0448668647931618e-03	-6.3414542341812569e-02	-3.7632518291621521e-03	3.3335961423565270e-03	8.9351937727527100e-03	7.8011930287328812e-03	1.1340007440198280e-03
20                      	4.4232958436946618e-01	2.1767886707179096e-01	2.2465071729767522e-01	-9.5186246056311666e-02	-1.1304407352146126e-01	1.7857827465149592e-02	-6.5450950493305418e-02	-3.4859251129421304e-03	3.5123371610970167e-03	8.8060462930423470e-03	7.9153603076181911e-03	8.9068598542415688e-04
21                      	4.4290024497836550e-01	2.1806411632153841e-01	2.2483612865682709e-01	-6.9347917965029648e-02	-1.0198872708820653e-01	3.2640809123176878e-02	-6.7314768105691702e-02	-3.3860061676443342e-03	3.8710912655434884e-03	8.8709754655450467e-03	8.3065789983160117e-03	5.6439646722903519e-04
22                      	4.4338397919081568e-01	2.1820482177241457e-01	2.2517915741840114e-01	-4.3714427556822762e-02	-9.0256769121973071e-02	4.6542341565150296e-02	-6.8399555343561680e-02	-3.4871678229932853e-03	4.3124496948679699e-03	9.2594959812696935e-03	8.9421976855028184e-03	3.1729829576687663e-04
23                      	4.4345392706518660e-01	2.1797030621770536e-01	2.2548362084748122e-01	-2.0673644505348112e-02	-7.8648256598437577e-02	5.7974612093089475e-02	-6.8311434345763533e-02	-3.7566573148879495e-03	4.7421435001646570e-03	1.0169488141334079e-02	9.8268875708316973e-03	3.4260057050238262e-04
24                      	4.4277362525068886e-01	2.1731329725095855e-01	2.2546032799973031e-01	8.3194287848245584e-04	-6.7291979619018658e-02	6.8123922497501099e-02	-6.7707951058259885e-02	-4.0735153743858814e-03	5.2668498436252769e-03	1.1677213962382601e-02	1.1105456824816578e-02	5.7175713756602335e-04
25                      	4.4194790173625492e-01	2.1652118662966660e-01	2.2542671510658832e-01	1.9780863276837903e-02	-5.7500354926310920e-02	7.7281218203148816e-02	-6.7390786564729868e-02	-4.4527642384608575e-03	5.9851816103733647e-03	1.3837960611194080e-02	1.2904161915970406e-02	9.3379869522367497e-04
26                      	4.4175629460784310e-01	2.1593769975952001e-01	2.2581859484832312e-01	3.5147882430724454e-02	-5.0107982916018930e-02	8.5255865346743398e-02	-6.7681924131381160e-02	-4.9404475444015305e-03	6.7635481576602489e-03	1.6366725346325502e-02	1.4946910830823000e-02	1.4198145155025011e-03
27                      	4.4209771539517118e-01	2.1562100308906251e-01	2.2647671230610866e-01	4.5858890258954677e-02	-4.5336306941042168e-02	9.1195197199996844e-02	-6.8265752070519506e-02	-5.4278546085230767e-03	7.4398090698138009e-03	1.8548405101135427e-02	1.6714011620381514e-02	1.8343934807539121e-03
28                      	4.4277115108026915e-01	2.1563711019408055e-01	2.2713404088618860e-01	5.0259926394007400e-02	-4.3867257378662976e-02	9.4127183772670361e-02	-6.8997220575666665e-02	-5.7484653460540087e-03	7.9357811717758048e-03	1.9906458775081994e-02	1.7889010559316798e-02	2.0174482157651915e-03
29                      	4.4361564960323008e-01	2.1588627444477004e-01	2.2772937515846001e-01	4.8147936290976884e-02	-4.5852931734050709e-02	9.4000868025027606e-02	-6.9926899879539151e-02	-5.9215503568449878e-03	8.2916132474871642e-03	2.0495281031369928e-02	1.8539253763172128e-02	1.9560272681977998e-03
30                      	4.4404847318387602e-01	2.1609997300584347e-01	2.2794850017803253e-01	4.2393647807862811e-02	-4.9563597359571970e-02	9.1957245167434781e-02	-7.0760421263503376e-02	-5.9242635860945270e-03	8.2003112218065072e-03	2.0345262900270316e-02	1.8372942671941669e-02	1.9723202283286503e-03
31                      	4.4353651905689007e-01	2.1605293718497839e-01	2.2748358187191167e-01	3.6568072214112957e-02	-5.2792537916269665e-02	8.9360610130382614e-02	-7.1076574023326136e-02	-5.7153223434666337e-03	7.6216983615643450e-03	1.9474587429494709e-02	1.7358992076311700e-02	2.1155953531830085e-03
32                      	4.4234984665011851e-01	2.1563374154761472e-01	2.2671610510250378e-01	3.1338127642794707e-02	-5.5288180836344694e-02	8.6626308479139408e-02	-7.0957244657742044e-02	-5.5411817774445376e-03	6.7633290737680847e-03	1.8268306135959037e-02	1.5897482141747604e-02	2.3708239942114339e-03
33                      	4.4093977768915049e-01	2.1509509440566696e-01	2.2584468328348356e-01	2.7377968465001436e-02	-5.6730874179034892e-02	8.4108842644036327e-02	-7.0419858411535613e-02	-5.3747944389082791e-03	5.7144899427378068e-03	1.6789896461863608e-02	1.4109438173669610e-02	2.6804582881939970e-03
34                      	4.3939154561348270e-01	2.1450245577709109e-01	2.2488908983639164e-01	2.7581178838904534e-02	-5.6053963553382900e-02	8.3635142392287434e-02	-6.9844552972835164e-02	-5.1933170296502669e-03	4.3237005671282434e-03	1.5080834522828736e-02	1.1864117828542612e-02	3.2167166942861248e-03
35                      	4.3814499369772247e-01	2.1426343667752121e-01	2.2388155702020127e-01	3.2083954317436818e-02	-5.3796919518044349e-02	8.5880873835481167e-02	-6.9838896676762754e-02	-4.8090601713400207e-03	2.8239832923330770e-03	1.3077798056982302e-02	9.3628823208242277e-03	3.7149157361580742e-03
36                      	4.3766144946468732e-01	2.1453564046663184e-01	2.2312580899805545e-01	3.8809677724606313e-02	-5.0576015165397725e-02	8.9385692890004045e-02	-6.9980854027700878e-02	-4.2950842657118061e-03	1.6542086796065797e-03	1.1478771597118822e-02	7.3935944781659910e-03	4.0851771189528308e-03
37                      	4.3818446362564123e-01	2.1525677205263724e-01	2.2292769157300399e-01	4.4998177189507105e-02	-4.8069613828479428e-02	9.3067791017986540e-02	-7.0568702423232973e-02	-3.8354597601833623e-03	9.8785454544855116e-04	1.0929104751839711e-02	6.4524069213684060e-03	4.4766978304713045e-03
38                      	4.3924572354864599e-01	2.1603756834950383e-01	2.2320815519914217e-01	4.8462796209842000e-02	-4.7643818997970239e-02	9.6106615207812232e-02	-7.1875217102891228e-02	-3.5852934248191792e-03	9.9235878908524575e-04	1.1576766211441674e-02	6.7807418948060832e-03	4.7960243166355904e-03
39                      	4.4087630570868719e-01	2.1688964524296750e-01	2.2398666046571969e-01	4.8940333238710533e-02	-4.8548733993589506e-02	9.7489067232300025e-02	-7.3018900612944762e-02	-3.5485076113760845e-03	1.7240485556253406e-03	1.2968992171280558e-02	8.2085446412656186e-03	4.7604475300149392e-03
40                      	4.4230703985537984e-01	2.1746842287819540e-01	2.2483861697718444e-01	4.7421270368052729e-02	-4.9591902401359057e-02	9.7013172769411779e-02	-7.3302537585385422e-02	-3.6850970494945096e-03	2.7478911167231868e-03	1.4327865425209248e-02	9.9118238293278114e-03	4.4160415958814370e-03
41                      	4.4220443340861521e-01	2.1708753704786829e-01	2.2511689636074689e-01	4.5329295217009742e-02	-5.1139076653822141e-02	9.6468371870831876e-02	-7.3803724262327008e-02	-4.0146796564393067e-03	3.7732004997135149e-03	1.5155875773211060e-02	1.1351138386319046e-02	3.8047373868920153e-03
42                      	4.3985995372532027e-01	2.1538679183016610e-01	2.2447316189515421e-01	4.4518339452804277e-02	-5.2620540972717005e-02	9.7138880425521282e-02	-7.4879710699119140e-02	-4.5431850324940655e-03	4.7593154989718335e-03	1.5905929332319636e-02	1.2712280165131653e-02	3.1936491671879859e-03
43                      	4.3573082579909378e-01	2.1269212449643535e-01	2.2303870130265843e-01	4.5881469510378865e-02	-5.3313725548047440e-02	9.9195195058426305e-02	-7.6254460303236876e-02	-5.1732884031115561e-03	5.5952929467218597e-03	1.6918925758584870e-02	1.4054755826014296e-02	2.8641699325705761e-03
44                      	4.3075189225253763e-01	2.0969008206305423e-01	2.2106181018948337e-01	4.8045225762150943e-02	-5.3138726886576629e-02	1.0118395264872757e-01	-7.7161339767652104e-02	-5.6858640632145505e-03	6.3324842555113944e-03	1.7875270240016231e-02	1.5270119375519508e-02	2.6051508644967204e-03
45                      	4.2572400240006947e-01	2.0686125683388087e-01	2.1886274556618857e-01	5.1699669881209900e-02	-5.0438718445477336e-02	1.0213838832668724e-01	-7.6288553386082286e-02	-6.0007443661538439e-03	6.8250858728532331e-03	1.8652391427358313e-02	1.6151281586532389e-02	2.5011098408259233e-03
46                      	4.2107013795342979e-01	2.0426649769385821e-01	2.1680364025957161e-01	5.7543662963458461e-02	-4.3914667730184750e-02	1.0145833069364321e-01	-7.2686499211913974e-02	-6.2685712828566787e-03	6.9102422340131392e-03	1.9299623433079009e-02	1.6560053950552642e-02	2.7395694825263659e-03
47                      	4.1676568842959283e-01	2.0203481419071725e-01	2.1473087423887557e-01	6.2351925045790825e-02	-3.5933547372199039e-02	9.8285472417989878e-02	-6.7109509895094455e-02	-6.3480300240791772e-03	6.5061523055573150e-03	1.9287943042442926e-02	1.6150123826778780e-02	3.1378192156641485e-03
48                      	4.1256670297353537e-01	2.0006480191532192e-01	2.1250190105821348e-01	6.1514067685854344e-02	-3.0059132869168829e-02	9.1573200555023174e-02	-6.0816166712095998e-02	-6.2185495714457851e-03	5.8911283845373592e-03	1.8715981234950510e-02	1.5249119002012614e-02	3.4668622329378949e-03
49                      	4.0865567714541989e-01	1.9826963006807657e-01	2.1038604707734335e-01	5.3556874099057419e-02	-2.7569370035158199e-02	8.1126244134215625e-02	-5.4347807084686908e-02	-6.0582085046333983e-03	5.3379407725476771e-03	1.8473250331963353e-02	1.4574565938529354e-02	3.8986843934340001e-03
50                      	4.0501325211263745e-01	1.9660087755209135e-01	2.0841237456054609e-01	4.1044376394409270e-02	-2.7214796508242815e-02	6.8259172902652085e-02	-4.7736984705447454e-02	-5.9057485042273653e-03	4.9886038875298607e-03	1.9055751312401989e-02	1.4516479543730854e-02	4.5392717686711329e-03
51                      	4.0180296586946351e-01	1.9515153733239773e-01	2.0665142853706578e-01	2.7449201840083690e-02	-2.7215297144859478e-02	5.4664498984943168e-02	-4.0939898064901323e-02	-5.7499456023340145e-03	4.8971557831809023e-03	2.0258188247635620e-02	1.5026249906998712e-02	5.2319383406369069e-03
52                      	3.9937845804885180e-01	1.9399194463072883e-01	2.0538651341812300e-01	1.4926898325397663e-02	-2.6134428145809206e-02	4.1061326471206860e-02	-3.3597877308508037e-02	-5.6972843936970866e-03	5.0218038866789655e-03	2.1615973487015223e-02	1.5829790630186576e-02	5.7861828568286462e-03
53                      	3.9763486616629157e-01	1.9311145969465962e-01	2.0452340647163197e-01	3.3067371715135930e-03	-2.4603977031063602e-02	2.7910714202577194e-02	-2.6257345616820398e-02	-5.7059733884861777e-03	5.0524030172149383e-03	2.2701346169820051e-02	1.6403076102124967e-02	6.2982700676950873e-03
54                      	3.9651625977176974e-01	1.9258970336792350e-01	2.0392655640384627e-01	-6.3207760904692876e-03	-2.3466130026537999e-02	1.7145353936068707e-02	-2.0305741981303353e-02	-5.6684265179613785e-03	4.8567181056545072e-03	2.3089120378122850e-02	1.6401278294715931e-02	6.6878420834069188e-03
55                      	3.9563438972248693e-01	1.9223352691617857e-01	2.0340086280630837e-01	-1.4681340533013598e-02	-2.3343372433179767e-02	8.6620319001661714e-03	-1.6002702166672971e-02	-5.5836679450648879e-03	4.4834839556540185e-03	2.2874385311112848e-02	1.5920676611210445e-02	6.9537086999024063e-03
56                      	3.9489332957696061e-01	1.9189661117205578e-01	2.0299671840490482e-01	-2.1976452017766088e-02	-2.3701722673517563e-02	1.7252706557514697e-03	-1.2713496664634515e-02	-5.5500536164245105e-03	4.0337466121782468e-03	2.2499998428180276e-02	1.5283745826268385e-02	7.2162526019118912e-03
57                      	3.9368043167807854e-01	1.9116439948108838e-01	2.0251603219699019e-01	-2.7575959809160274e-02	-2.4228467406254200e-02	-3.3474924029060710e-03	-1.0440487501674065e-02	-5.6758163579509200e-03	3.5893488191565313e-03	2.2668099615198424e-02	1.4923398626755744e-02	7.7447009884426803e-03
58                      	3.9189156822978899e-01	1.9007488873483319e-01	2.0181667949495580e-01	-3.1132125090175346e-02	-2.5556765889684557e-02	-5.5753592004907822e-03	-9.9907033445968893e-03	-5.8708953800612916e-03	3.3577218887464251e-03	2.3342194139206972e-02	1.5028818958349913e-02	8.3133751808570615e-03
59                      	3.8990308898995069e-01	1.8883229773679766e-01	2.0107079125315303e-01	-3.2793279365435482e-02	-2.7931645379744470e-02	-4.8616339856910095e-03	-1.1535005697026731e-02	-6.1192467581776726e-03	3.3285908004022516e-03	2.4259104575861494e-02	1.5458143088332999e-02	8.8009614875284945e-03
60                      	3.8783101225207878e-01	1.8748015248409153e-01	2.0035085976798725e-01	-3.2954116303332365e-02	-3.0776406913811283e-02	-2.1777093895210828e-03	-1.4299348762145100e-02	-6.4353536419478694e-03	3.4271701252344905e-03	2.5269189191477224e-02	1.6061764720973103e-02	9.2074244705041206e-03
61                      	3.8562888080107921e-01	1.8608382965813430e-01	1.9954505114294488e-01	-3.1458365224750998e-02	-3.3426027384523202e-02	1.9676621597722078e-03	-1.7696844772147707e-02	-6.7306107424052932e-03	3.6164912790132985e-03	2.6174899305769255e-02	1.6703940931897924e-02	9.4709583738713278e-03
62                      	3.8344029712412320e-01	1.8473632076894270e-01	1.9870397635518053e-01	-2.8825114356917612e-02	-3.5653684725868995e-02	6.8285703689513807e-03	-2.1241127547410189e-02	-6.9838277931189340e-03	3.9248260601000683e-03	2.7093698662691755e-02	1.7471675391445948e-02	9.6220232712458092e-03
63                      	3.8092577757236762e-01	1.8333775443543557e-01	1.9758802313693202e-01	-2.4927717628756913e-02	-3.7610692181096445e-02	1.2682974552339533e-02	-2.5146833366717990e-02	-7.1251343507482152e-03	4.3821299228523573e-03	2.7779724254416150e-02	1.8271992050060436e-02	9.5077322043557178e-03
64                      	3.7827892404324093e-01	1.8198350049754677e-01	1.9629542354569418e-01	-1.8469629102025931e-02	-3.8828384141947274e-02	2.0358755039921347e-02	-2.9593569590934312e-02	-7.1559615240737035e-03	5.0301786050279814e-03	2.8323400698512729e-02	1.9191878954284345e-02	9.1315217442283821e-03
65                      	3.7619902312985237e-01	1.8102284707842395e-01	1.9517617605142845e-01	-9.9998709280766269e-03	-3.9027024362230163e-02	2.9027153434153539e-02	-3.4027088898191851e-02	-7.0766644865022732e-03	5.7817804849975606e-03	2.8785420574913029e-02	2.0174490772454076e-02	8.6109298024589550e-03
66                      	3.7468035943653755e-01	1.8045734120918813e-01	1.9422301822734941e-01	9.2098440225899675e-04	-3.7683474523888677e-02	3.8604458926147667e-02	-3.8143966725018172e-02	-6.8828385090806288e-03	6.6409914668203391e-03	2.9132957254890103e-02	2.1207470094265390e-02	7.9254871606247133e-03
67                      	3.7328606295556044e-01	1.8002986027256251e-01	1.9325620268299790e-01	1.3815015937151079e-02	-3.4819256338027939e-02	4.8634272275179018e-02	-4.1726764306603478e-02	-6.6131712052176954e-03	7.6395876197413093e-03	2.9383225446784431e-02	2.2331200343133524e-02	7.0520251036509055e-03
68                      	3.7147614186316874e-01	1.7941248994940334e-01	1.9206365191376543e-01	2.6348949114655677e-02	-3.1889263869715793e-02	5.8238212984371471e-02	-4.5063738427043629e-02	-6.3255809821810647e-03	8.6945259050091560e-03	2.9803869855482033e-02	2.3596460832750174e-02	6.2074090227318603e-03
69                      	3.6903984029364917e-01	1.7838032612820973e-01	1.9065951416543944e-01	3.6506537538570132e-02	-3.0195396073519558e-02	6.6701933612089676e-02	-4.8448664842804620e-02	-6.1395940186148501e-03	9.6977796277089006e-03	3.0447785195312622e-02	2.4921672225365211e-02	5.5261129699474111e-03
70                      	3.6628945141475056e-01	1.7712936492909206e-01	1.8916008648565846e-01	4.3782281666276804e-02	-3.0115785698991232e-02	7.3898067365268036e-02	-5.2006926532129634e-02	-6.0153607782831948e-03	1.0651759788211212e-02	3.1034956401416600e-02	2.6169237988919510e-02	4.8657184124970875e-03
71                      	3.6373683934882683e-01	1.7599849449077035e-01	1.8773834485805652e-01	4.8892571050485827e-02	-3.1245145033665284e-02	8.0137716084151114e-02	-5.5691430558908198e-02	-5.8699251836430901e-03	1.1439741589839382e-02	3.1479860013366411e-02	2.7179671596522587e-02	4.3001884168438215e-03
72                      	3.6133830936136835e-01	1.7494649276740265e-01	1.8639181659396573e-01	5.2667185681632991e-02	-3.3271708767267191e-02	8.5938894448900183e-02	-5.9605301608083687e-02	-5.7226619132815281e-03	1.1994814744732012e-02	3.1957352447386365e-02	2.7973490968425194e-02	3.9838614789611728e-03
73                      	3.5881656000109485e-01	1.7374736458385412e-01	1.8506919541724073e-01	5.6993607100081209e-02	-3.5322702271179611e-02	9.2316309371260813e-02	-6.3819505821220215e-02	-5.6609154166932891e-03	1.2381172673362903e-02	3.2621643514329272e-02	2.8691994430527543e-02	3.9296490838017341e-03
74                      	3.5618359427145829e-01	1.7230132582949712e-01	1.8388226844196115e-01	6.2709146218230497e-02	-3.6868056004615034e-02	9.9577202222845537e-02	-6.8222629113730282e-02	-5.7904713062320156e-03	1.2674613343408601e-02	3.3568463069646087e-02	2.9458844878231645e-02	4.1096181914144414e-03
75                      	3.5352017417439568e-01	1.7066059160366967e-01	1.8285958257072601e-01	6.9332502255809642e-02	-3.7765063093999927e-02	1.0709756534980956e-01	-7.2431314221904741e-02	-6.0994954835281810e-03	1.3007075413375603e-02	3.4618374849358778e-02	3.0316262838054994e-02	4.3021120113037846e-03
76                      	3.5090100778773198e-01	1.6897797954557123e-01	1.8192302824216078e-01	7.7047494244425738e-02	-3.7454210506787447e-02	1.1450170475121318e-01	-7.5977957629000309e-02	-6.4725243482947831e-03	1.3274136139885319e-02	3.5487060895965754e-02	3.1017666587868198e-02	4.4693943080975594e-03
77                      	3.4830841821885944e-01	1.6741841379773423e-01	1.8089000442112524e-01	8.7087314006276825e-02	-3.5087989384810198e-02	1.2217530339108701e-01	-7.8631646387948603e-02	-6.7357953116954986e-03	1.3416235928564578e-02	3.5928230686744438e-02	3.1380351271936793e-02	4.5478794148076408e-03
78                      	3.4553224386473363e-01	1.6598946614450577e-01	1.7954277772022789e-01	9.8764410883150300e-02	-3.0838110497143831e-02	1.2960252138029413e-01	-8.0220315938718978e-02	-6.7766557878610667e-03	1.3458779577424510e-02	3.5911387692118518e-02	3.1414473423483774e-02	4.4969142686347510e-03
79                      	3.4252502940257357e-01	1.6457741334300868e-01	1.7794761605956491e-01	1.0959428898532472e-01	-2.6069109639809233e-02	1.3566339862513394e-01	-8.0866254132471588e-02	-6.6851013582781031e-03	1.3515025056253323e-02	3.5636163173370913e-02	3.1333106642938778e-02	4.3030565304321318e-03
80                      	3.3963569310734082e-01	1.6314502017348778e-01	1.7649067293385304e-01	1.1716253620498536e-01	-2.2417326937557429e-02	1.3957986314254281e-01	-8.0998595040050109e-02	-6.6728263801826230e-03	1.3609645896989516e-02	3.5502483600248297e-02	3.1360887697113662e-02	4.1415959031346310e-03
