# Force and moment coefficients
# dragDir               : (1.0000000000000000e+00 0.0000000000000000e+00 0.0000000000000000e+00)
# sideDir               : (0.0000000000000000e+00 1.0000000000000000e+00 0.0000000000000000e+00)
# liftDir               : (0.0000000000000000e+00 0.0000000000000000e+00 1.0000000000000000e+00)
# rollAxis              : (1.0000000000000000e+00 0.0000000000000000e+00 0.0000000000000000e+00)
# pitchAxis             : (0.0000000000000000e+00 1.0000000000000000e+00 0.0000000000000000e+00)
# yawAxis               : (0.0000000000000000e+00 0.0000000000000000e+00 1.0000000000000000e+00)
# magUInf               : 3.8889000000000003e+01
# lRef                  : 2.7861799999999999e+00
# Aref                  : 2.1699999999999999e+00
# CofR                  : (1.4000900000000001e+00 0.0000000000000000e+00 -3.1759999999999999e-01)
#
# Time                  	Cd                      	Cd(f)                   	Cd(r)                   	Cl                      	Cl(f)                   	Cl(r)                   	CmPitch                 	CmRoll                  	CmYaw                   	Cs                      	Cs(f)                   	Cs(r)                   
1                       	1.1991912118057952e+00	6.0010146307717427e-01	5.9908974872862086e-01	-6.4024697332701774e-01	-8.1400839411881684e-02	-5.5884613391513605e-01	2.3872264725162717e-01	5.0585717427673624e-04	4.3736377703050538e-03	-8.2011097389041547e-03	2.7308290085297632e-04	-8.4741926397571311e-03
2                       	6.6565632381727036e-01	3.3029735554626760e-01	3.3535896827100276e-01	-4.3907455303906134e-01	-2.0324976033479952e-01	-2.3582479270426185e-01	1.6287516184731170e-02	-2.5308063623675978e-03	3.0546788482709404e-03	4.8156717423812690e-03	5.4625147194615753e-03	-6.4684297708030578e-04
3                       	3.9361690229171648e-01	1.9403472371844763e-01	1.9958217857326885e-01	-3.3612860790473709e-01	-2.1675458755171054e-01	-1.1937402035302658e-01	-4.8690283599341987e-02	-2.7737274274106109e-03	3.5506689189413365e-03	6.6250383269648950e-03	6.8631880824237840e-03	-2.3814975545888872e-04
4                       	3.1866271114302441e-01	1.5641575987026951e-01	1.6224695127275487e-01	-3.3264442887433160e-01	-2.2977509587067710e-01	-1.0286933300365446e-01	-6.3452881433511327e-02	-2.9155957012426655e-03	3.8542669310008071e-03	6.5777091103200744e-03	7.1431214861608439e-03	-5.6541237584077002e-04
5                       	3.2076754299205046e-01	1.5698225483102946e-01	1.6378528816102098e-01	-3.6771426757552295e-01	-2.4601335545491987e-01	-1.2170091212060306e-01	-6.2156221667158389e-02	-3.4015166649957705e-03	4.2453517854071391e-03	7.2613016002952323e-03	7.8760025855547557e-03	-6.1470098525952298e-04
6                       	3.4815957498305722e-01	1.6999251996562026e-01	1.7816705501743693e-01	-4.0052292220835717e-01	-2.5700268507220075e-01	-1.4352023713615644e-01	-5.6741223968022156e-02	-4.0872675259083285e-03	4.7683574787011551e-03	8.5781629484595716e-03	9.0574389529309417e-03	-4.7927600447136983e-04
7                       	3.7890821774917449e-01	1.8485115896333487e-01	1.9405705878583965e-01	-4.1947904424409671e-01	-2.6009456077673898e-01	-1.5938448346735773e-01	-5.0355038654690626e-02	-4.6029499112523811e-03	5.3441474875144191e-03	9.7865264639922060e-03	1.0237410719510523e-02	-4.5088425551831563e-04
8                       	4.0437146177693933e-01	1.9726425864025396e-01	2.0710720313668537e-01	-4.1762376870671858e-01	-2.5455105595784222e-01	-1.6307271274887636e-01	-4.5739171604482924e-02	-4.9214722482157167e-03	5.7239553470491726e-03	1.0550775595211790e-02	1.0999343144655067e-02	-4.4856754944327758e-04
9                       	4.2220760538952162e-01	2.0601976255279331e-01	2.1618784283672834e-01	-3.9397114073726991e-01	-2.4061514525894276e-01	-1.5335599547832712e-01	-4.3629574890307811e-02	-5.0840401419675260e-03	5.7955985642903669e-03	1.0853005000455654e-02	1.1222101064518193e-02	-3.6909606406254050e-04
10                      	4.3416848815295972e-01	2.1208448817477796e-01	2.2208399997818176e-01	-3.5751061906637266e-01	-2.2346847322869892e-01	-1.3404214583767377e-01	-4.4713163695512585e-02	-4.9997559017019091e-03	5.5621777240971847e-03	1.0607840327024873e-02	1.0866097887609623e-02	-2.5825756058474813e-04
11                      	4.4222399609365382e-01	2.1632900909893601e-01	2.2589498699471780e-01	-3.1572220935095546e-01	-2.0570979075201565e-01	-1.1001241859893982e-01	-4.7848686076537930e-02	-4.7829889478908979e-03	5.0114222603654269e-03	1.0003125879963496e-02	1.0012985200347177e-02	-9.8593203836781529e-06
12                      	4.4651569174702876e-01	2.1864101545767187e-01	2.2787467628935690e-01	-2.7546424873563125e-01	-1.8982643068336161e-01	-8.5637818052269638e-02	-5.2094306315545971e-02	-4.6168304158425199e-03	4.3875556321159052e-03	9.5228706102877831e-03	9.1489909372597950e-03	3.7387967302798645e-04
13                      	4.4833545951508319e-01	2.1965155585631613e-01	2.2868390365876706e-01	-2.4049882227480265e-01	-1.7543058807177425e-01	-6.5068234203028416e-02	-5.5181176934372911e-02	-4.5161739012254728e-03	3.7395501057926176e-03	9.0615040527184405e-03	8.2703021321518366e-03	7.9120192056660228e-04
14                      	4.4785790370971362e-01	2.1952295236316086e-01	2.2833495134655277e-01	-2.1379684886547481e-01	-1.6332955974401892e-01	-5.0467289121455886e-02	-5.6431135311281529e-02	-4.4059994916959477e-03	3.1326468018095153e-03	8.5398978200456211e-03	7.4025957118323263e-03	1.1373021082132949e-03
15                      	4.4625528125762104e-01	2.1889963469203622e-01	2.2735564656558482e-01	-1.9438890649436896e-01	-1.5395459263165875e-01	-4.0434313862710215e-02	-5.6760139384474266e-02	-4.2280059367743022e-03	2.6682488171736445e-03	8.0002559085322784e-03	6.6683767714397829e-03	1.3318791370924943e-03
16                      	4.4464692637100722e-01	2.1835210081965389e-01	2.2629482555135333e-01	-1.7992899506379950e-01	-1.4655498899743313e-01	-3.3374006066366368e-02	-5.6590491465533382e-02	-3.9713623658497194e-03	2.4306781068790979e-03	7.4421747565729312e-03	6.1517654851655631e-03	1.2904092714073679e-03
17                      	4.4349898946236282e-01	2.1813573265416003e-01	2.2536325680820279e-01	-1.6527487593833470e-01	-1.3960933139732928e-01	-2.5665544541005416e-02	-5.6971893428161939e-02	-3.6137620770213871e-03	2.2747108246060806e-03	6.9575333272211366e-03	5.7534774882166493e-03	1.2040558390044879e-03
18                      	4.4260238907433908e-01	2.1806471168345737e-01	2.2453767739088171e-01	-1.4775684580724871e-01	-1.3206748308033636e-01	-1.5689362726912331e-02	-5.8189060176712021e-02	-3.2364828537121584e-03	2.1985036493356149e-03	6.6615818601345198e-03	5.5292945794028752e-03	1.1322872807316450e-03
19                      	4.4216880003525816e-01	2.1821303354837424e-01	2.2395576648688392e-01	-1.2710997761469145e-01	-1.2367787855999571e-01	-3.4320990546957164e-03	-6.0122889752650004e-02	-2.8713664692548518e-03	2.2508812356336096e-03	6.4941647127652186e-03	5.4979635920162188e-03	9.9620112074899950e-04
20                      	4.4237042568575907e-01	2.1865817298046880e-01	2.2371225270529030e-01	-1.0323324298025363e-01	-1.1420497672842886e-01	1.0971733748175231e-02	-6.2588355238302043e-02	-2.5270398624107526e-03	2.4139023329222309e-03	6.3849085789719042e-03	5.6063566224081830e-03	7.7855195656372129e-04
21                      	4.4295342674019067e-01	2.1913306117036935e-01	2.2382036556982132e-01	-7.6783747698525182e-02	-1.0346557186228977e-01	2.6681824163764602e-02	-6.5073698013027190e-02	-2.3436521997259800e-03	2.6921367178003152e-03	6.5502573685608679e-03	5.9672654020807491e-03	5.8299196648011896e-04
22                      	4.4349879606757570e-01	2.1935738091645701e-01	2.2414141515111871e-01	-5.0527459178164848e-02	-9.2162407526881693e-02	4.1634948348716852e-02	-6.6898677937799272e-02	-2.3920171173308670e-03	3.0202992029091168e-03	7.2546741018453707e-03	6.6476362538318021e-03	6.0703784801356849e-04
23                      	4.4366630452840083e-01	2.1919308638918306e-01	2.2447321813921778e-01	-2.6888380279464916e-02	-8.0825465179517123e-02	5.3937084900052196e-02	-6.7381275039784666e-02	-2.6400658750173624e-03	3.3620338596736981e-03	8.6047249963503783e-03	7.6643963578488863e-03	9.4032863850149109e-04
24                      	4.4298958718351977e-01	2.1853920667146726e-01	2.2445038051205254e-01	-4.2601055184692581e-03	-6.9153505160035017e-02	6.4893399641565749e-02	-6.7023452400800376e-02	-2.9555869202926429e-03	3.8010394859758763e-03	1.0435285598196604e-02	9.0186822850741779e-03	1.4166033131224260e-03
25                      	4.4198224312760515e-01	2.1765642627020462e-01	2.2432581685740055e-01	1.6297439131289879e-02	-5.8988945098809017e-02	7.5286384230098896e-02	-6.7137664664453964e-02	-3.3346952935979723e-03	4.4855814320396009e-03	1.2724232900436344e-02	1.0847697882257774e-02	1.8765350181785712e-03
26                      	4.4147925038859021e-01	2.1687516961006187e-01	2.2460408077852831e-01	3.3363616893853421e-02	-5.1489845564593004e-02	8.4853462458446424e-02	-6.8171654011519714e-02	-3.8644555842332314e-03	5.3315640238320054e-03	1.5352080701010282e-02	1.3007604374337147e-02	2.3444763266731354e-03
27                      	4.4121625354724608e-01	2.1612930030130939e-01	2.2508695324593669e-01	4.5989384997245294e-02	-4.6536587576979718e-02	9.2525972574225013e-02	-6.9531280075602372e-02	-4.4788264723136708e-03	6.2974211029770298e-03	1.7844481780786285e-02	1.5219661993370173e-02	2.6248197874161137e-03
28                      	4.4099851492135789e-01	2.1547749082757769e-01	2.2552102409378019e-01	5.1838063545932525e-02	-4.4866063778697438e-02	9.6704127324629963e-02	-7.0785095551663707e-02	-5.0217666331012585e-03	7.0420300598846349e-03	1.9761290121258067e-02	1.6922675120513667e-02	2.8386150007443977e-03
29                      	4.4069126005633802e-01	2.1494137813266515e-01	2.2574988192367287e-01	5.1449143624555209e-02	-4.6500055712911006e-02	9.7949199337466208e-02	-7.2224627525188614e-02	-5.4042518955038652e-03	7.4821158552939911e-03	2.0741280856580783e-02	1.7852756283584386e-02	2.8885245729964007e-03
30                      	4.3988160268209775e-01	2.1437997415110363e-01	2.2550162853099409e-01	4.9203154516751509e-02	-4.9404689772598244e-02	9.8607844289349753e-02	-7.4006267030974002e-02	-5.5608271899452331e-03	7.4303432295602925e-03	2.0820828884305056e-02	1.7840757671712820e-02	2.9800712125922350e-03
31                      	4.3867115500318443e-01	2.1383420897111871e-01	2.2483694603206569e-01	4.7399817954432023e-02	-5.1903892743800251e-02	9.9303710698232281e-02	-7.5603801721016259e-02	-5.5013685304734937e-03	6.8406456408487137e-03	1.9924366256156432e-02	1.6802828768926931e-02	3.1215374872295022e-03
32                      	4.3709086376194056e-01	2.1307808868126657e-01	2.2401277508067402e-01	4.4946717575535963e-02	-5.3894972889147866e-02	9.8841690464683843e-02	-7.6368331676915854e-02	-5.4673431997037062e-03	5.9494725064353372e-03	1.8475421470655187e-02	1.5187183241762929e-02	3.2882382288922565e-03
33                      	4.3538201529925324e-01	2.1221172551540879e-01	2.2317028978384446e-01	4.1844574901972582e-02	-5.5175814644927788e-02	9.7020389546900371e-02	-7.6098102095914083e-02	-5.4792821342178142e-03	4.9126143981443838e-03	1.6879576298072758e-02	1.3352402547180764e-02	3.5271737508919951e-03
34                      	4.3384285473562245e-01	2.1148808179156484e-01	2.2235477294405759e-01	4.1182236100242520e-02	-5.4817257706125312e-02	9.5999493806367839e-02	-7.5408375756246579e-02	-5.4333455762463718e-03	3.8312723764848907e-03	1.5370357743360173e-02	1.1516451248164979e-02	3.8539064951951959e-03
35                      	4.3267149342205496e-01	2.1111406803240038e-01	2.2155742538965459e-01	4.3968387830114385e-02	-5.3145151531947266e-02	9.7113539362061643e-02	-7.5129345447004448e-02	-5.2216786786271185e-03	2.8525189826372559e-03	1.4028588245485358e-02	9.8668131053799360e-03	4.1617751401054224e-03
36                      	4.3236003072785145e-01	2.1145416857108665e-01	2.2090586215676483e-01	4.8066128579066419e-02	-5.0879296906337426e-02	9.8945425485403846e-02	-7.4912361195870636e-02	-4.7258467928390840e-03	2.0936235560275506e-03	1.2941251758651297e-02	8.5642494353531991e-03	4.3770023232980980e-03
37                      	4.3312183964287188e-01	2.1237797588765217e-01	2.2074386375521968e-01	5.1286327766290586e-02	-4.9252901922500758e-02	1.0053922968879134e-01	-7.4896065805646048e-02	-4.1829439337837506e-03	1.7382736042618860e-03	1.2349818106224949e-02	7.9131826573743593e-03	4.4366354488505882e-03
38                      	4.3455420450080462e-01	2.1353557975192519e-01	2.2101862474887943e-01	5.2083531490805079e-02	-4.9314274928758325e-02	1.0139780641956339e-01	-7.5356040674160865e-02	-3.7415224984771144e-03	1.8220333670395767e-03	1.2425379807688448e-02	8.0347232708838003e-03	4.3906565368046473e-03
39                      	4.3638870457526613e-01	2.1459269384412505e-01	2.2179601073114108e-01	5.0303305806256304e-02	-5.0568242956781202e-02	1.0087154876303750e-01	-7.5719895859909361e-02	-3.6016584435080152e-03	2.2184274325008544e-03	1.3216033234380401e-02	8.8264440496910544e-03	4.3895891846893464e-03
40                      	4.3806006706845058e-01	2.1528277688502490e-01	2.2277729018342565e-01	4.7229518936916473e-02	-5.1530094325867734e-02	9.8759613262784207e-02	-7.5144853794325978e-02	-3.7472566492003888e-03	2.7452993890104195e-03	1.4278536379645549e-02	9.8845675788331935e-03	4.3939688008123546e-03
