# Force and moment coefficients
# dragDir               : (1.0000000000000000e+00 0.0000000000000000e+00 0.0000000000000000e+00)
# sideDir               : (0.0000000000000000e+00 1.0000000000000000e+00 0.0000000000000000e+00)
# liftDir               : (0.0000000000000000e+00 0.0000000000000000e+00 1.0000000000000000e+00)
# rollAxis              : (1.0000000000000000e+00 0.0000000000000000e+00 0.0000000000000000e+00)
# pitchAxis             : (0.0000000000000000e+00 1.0000000000000000e+00 0.0000000000000000e+00)
# yawAxis               : (0.0000000000000000e+00 0.0000000000000000e+00 1.0000000000000000e+00)
# magUInf               : 3.8889000000000003e+01
# lRef                  : 2.7861799999999999e+00
# Aref                  : 2.1699999999999999e+00
# CofR                  : (1.4000900000000001e+00 0.0000000000000000e+00 -3.1759999999999999e-01)
#
# Time                  	Cd                      	Cd(f)                   	Cd(r)                   	Cl                      	Cl(f)                   	Cl(r)                   	CmPitch                 	CmRoll                  	CmYaw                   	Cs                      	Cs(f)                   	Cs(r)                   
1                       	1.0964093336939824e+00	5.4620436396518401e-01	5.5020496972879829e-01	-3.7093776950161789e-01	5.9005220719182093e-02	-4.2994299022079996e-01	2.4447410546999104e-01	-2.0003028818071653e-03	5.3114110299286579e-03	2.2158164334508184e-03	6.4193192466540667e-03	-4.2035028132032491e-03
2                       	8.1697435029731025e-01	4.0809627755434486e-01	4.0887807274296534e-01	-4.3371483948406203e-01	-1.3110005729528165e-01	-3.0261478218878041e-01	8.5757362446749363e-02	-3.9089759431026698e-04	5.2599639262961816e-03	-5.9903979703558412e-04	4.9604440277783894e-03	-5.5594838248139745e-03
3                       	4.9062818131168323e-01	2.4506623474590447e-01	2.4556194656577876e-01	-4.2131329367465153e-01	-2.3479477636618248e-01	-1.8651851730846902e-01	-2.4138129528856724e-02	-2.4785590993715249e-04	4.2287719220023973e-03	-2.7943577455958220e-03	2.8315930492044871e-03	-5.6259507948003083e-03
4                       	3.2392718126592718e-01	1.6079721753787027e-01	1.6312996372805688e-01	-3.9343544972312694e-01	-2.6027001666360305e-01	-1.3316543305952391e-01	-6.3552291802039584e-02	-1.1663730950932905e-03	3.2798392541863405e-03	-1.4368490913802745e-03	2.5614147084962033e-03	-3.9982637998764777e-03
5                       	2.8453217758659305e-01	1.3979212492552251e-01	1.4474005266107054e-01	-3.7888963587955726e-01	-2.6030741838472449e-01	-1.1858221749483275e-01	-7.0862600444945884e-02	-2.4739638677740050e-03	3.6245197805281856e-03	2.7847453898890004e-03	5.0168924754726858e-03	-2.2321470855836854e-03
6                       	3.1304227285092900e-01	1.5303098416097857e-01	1.6001128868995046e-01	-3.8431717493512613e-01	-2.5835074766279981e-01	-1.2596642727232635e-01	-6.6192160195236716e-02	-3.4901522644859473e-03	4.8194318680334332e-03	6.9186215683634950e-03	8.2787426522151816e-03	-1.3601210838516860e-03
7                       	3.6189792016813938e-01	1.7693793990873569e-01	1.8495998025940369e-01	-4.0136725585301580e-01	-2.5715887522056585e-01	-1.4420838063244992e-01	-5.6475247294057965e-02	-4.0110201753340074e-03	6.1068738622994936e-03	9.3159812581645827e-03	1.0764864491381787e-02	-1.4488832332172018e-03
8                       	4.0249667883609008e-01	1.9713623215198417e-01	2.0536044668410591e-01	-4.1041702202008201e-01	-2.5266857542377075e-01	-1.5774844659631121e-01	-4.7460064413729769e-02	-4.1121072660608585e-03	6.6467329819659537e-03	9.8010923309181340e-03	1.1547279147425021e-02	-1.7461868165068865e-03
9                       	4.2751371267008226e-01	2.0973240481423347e-01	2.1778130785584879e-01	-3.9994340751836116e-01	-2.4232745550873330e-01	-1.5761595200962786e-01	-4.2355751749552743e-02	-4.0244515208076696e-03	6.3846987205492508e-03	9.5284067024854497e-03	1.1148902071791976e-02	-1.6204953693065263e-03
10                      	4.4023646075579387e-01	2.1622705127999736e-01	2.2400940947579648e-01	-3.6927031073755306e-01	-2.2647705364514203e-01	-1.4279325709241100e-01	-4.1841898276365509e-02	-3.8911790978995485e-03	5.6781427224492668e-03	9.0607738618441666e-03	1.0208529653371349e-02	-1.1477557915271837e-03
11                      	4.4609252121660770e-01	2.1925598067331001e-01	2.2683654054329769e-01	-3.2570393238362139e-01	-2.0808417598223974e-01	-1.1761975640138163e-01	-4.5232209790429051e-02	-3.7902799349938511e-03	4.8528602909124492e-03	8.6897896729139987e-03	9.1977551273694485e-03	-5.0796545445544971e-04
12                      	4.4863324233792606e-01	2.2056148623919666e-01	2.2807175609872940e-01	-2.7949660183972486e-01	-1.9016348342142764e-01	-8.9333118418297247e-02	-5.0415182501565188e-02	-3.7551349297663805e-03	4.1337613944830657e-03	8.5291396813379668e-03	8.3983312351520473e-03	1.3080844618591832e-04
13                      	4.4960010525430238e-01	2.2101710831531443e-01	2.2858299693898795e-01	-2.3818232606598713e-01	-1.7424955335989156e-01	-6.3932772706095584e-02	-5.5158390326897989e-02	-3.7829443118367638e-03	3.5737528687091913e-03	8.4754227291952006e-03	7.8114642333067920e-03	6.6395849588840941e-04
14                      	4.4925042931100440e-01	2.2077633095241608e-01	2.2847409835858831e-01	-2.0696536170261207e-01	-1.6116047673455808e-01	-4.5804884968053981e-02	-5.7677795883252059e-02	-3.8488837030861219e-03	3.1728090850438573e-03	8.5690302838050715e-03	7.4573242269463927e-03	1.1117060568586789e-03
15                      	4.4803612593331960e-01	2.2013200898010127e-01	2.2790411695321836e-01	-1.8677728296166629e-01	-1.5164584348114457e-01	-3.5131439480521734e-02	-5.8257202000311419e-02	-3.8860539865585514e-03	2.9960974003266755e-03	8.8084157082318846e-03	7.4003052544426183e-03	1.4081104537892663e-03
16                      	4.4676079917621692e-01	2.1954578776285316e-01	2.2721501141336378e-01	-1.7522017150864541e-01	-1.4510690578037153e-01	-3.0113265728273896e-02	-5.7496820026048820e-02	-3.8346118252552998e-03	3.1092167102613135e-03	8.8864088480676111e-03	7.5524211342951186e-03	1.3339877137724925e-03
17                      	4.4594949444437265e-01	2.1930409735238024e-01	2.2664539709199244e-01	-1.6603619129371330e-01	-1.3992759443415301e-01	-2.6108596859560310e-02	-5.6909498787296342e-02	-3.6706498698060950e-03	3.3357767589236461e-03	8.7434702605032784e-03	7.7075118891752848e-03	1.0359583713279925e-03
18                      	4.4548762407041453e-01	2.1927217517402423e-01	2.2621544889639031e-01	-1.5345645837370261e-01	-1.3418352060643057e-01	-1.9272937767272055e-02	-5.7455291419579252e-02	-3.4716368611830300e-03	3.6791995685596717e-03	8.5626371423064528e-03	7.9605181397128990e-03	6.0211900259355452e-04
19                      	4.4541332962340302e-01	2.1940201972529014e-01	2.2601130989811286e-01	-1.3551799283870863e-01	-1.2678518739566125e-01	-8.7328054430473728e-03	-5.9026190976306937e-02	-3.3046450864113439e-03	4.1147721374823329e-03	8.4894841727301794e-03	8.3595142238474217e-03	1.2996994888275716e-04
20                      	4.4600520163628732e-01	2.1980598383162700e-01	2.2619921780466035e-01	-1.1278306046176848e-01	-1.1751890848986432e-01	4.7358480280958520e-03	-6.1127378258980090e-02	-3.1966169865166646e-03	4.4419203999928559e-03	8.6159046854179955e-03	8.7498727427018537e-03	-1.3396805728385815e-04
21                      	4.4685308569454824e-01	2.2026286755478489e-01	2.2659021813976335e-01	-8.6115831742532498e-02	-1.0635399811232617e-01	2.0238166369793677e-02	-6.3296082241059926e-02	-3.1636752924892229e-03	4.6864907671375043e-03	8.8936498831751719e-03	9.1333157087250903e-03	-2.3966582554991827e-04
22                      	4.4747141315630817e-01	2.2056946844645450e-01	2.2690194470985364e-01	-5.9049598428938435e-02	-9.4470666763537645e-02	3.5421068334599216e-02	-6.4945867549068434e-02	-3.1662381316995675e-03	4.9088009843983489e-03	9.2765527712612410e-03	9.5470773700289686e-03	-2.7052459876772845e-04
23                      	4.4744090078708104e-01	2.2049284700513683e-01	2.2694805378194419e-01	-3.4743480717727267e-02	-8.2988031145038887e-02	4.8244550427311614e-02	-6.5616290786175244e-02	-3.2276033884036728e-03	5.0526719176459409e-03	9.8469982066786404e-03	9.9761710209852611e-03	-1.2917281430662066e-04
24                      	4.4656645997818634e-01	2.1989858095833725e-01	2.2666787901984908e-01	-1.2900399705344196e-02	-7.1955585503095401e-02	5.9055185797751208e-02	-6.5505385650423298e-02	-3.3846490307559208e-03	5.2250850129026806e-03	1.0852539216030464e-02	1.0651354620917913e-02	2.0118459511255101e-04
25                      	4.4537943607762898e-01	2.1897343212665737e-01	2.2640600395097157e-01	6.4747993060887002e-03	-6.1935913025608531e-02	6.8410712331697238e-02	-6.5173312678652881e-02	-3.7162859121571139e-03	5.6084481914676614e-03	1.2705583449048898e-02	1.1961239915992111e-02	7.4434353305678834e-04
26                      	4.4454668082534249e-01	2.1811371977589106e-01	2.2643296104945140e-01	2.3910165666274730e-02	-5.3508769151124874e-02	7.7418934817399601e-02	-6.5463851984262231e-02	-4.1596206367801652e-03	6.1094225781410357e-03	1.5180121594107081e-02	1.3699483375194577e-02	1.4806382189125051e-03
27                      	4.4401260003810811e-01	2.1738144748512025e-01	2.2663115255298788e-01	3.8868524238735561e-02	-4.7445947696099819e-02	8.6314471934835379e-02	-6.6880209815467606e-02	-4.6248525339338169e-03	6.6681959961849505e-03	1.7531534512855461e-02	1.5433963252612681e-02	2.0975712602427812e-03
28                      	4.4365636868028097e-01	2.1680814116889130e-01	2.2684822751138969e-01	4.8330486392210256e-02	-4.4858944136247428e-02	9.3189430528457684e-02	-6.9024187332352549e-02	-5.0200431712491833e-03	7.1064612384764067e-03	1.9418226419369869e-02	1.6815574448161341e-02	2.6026519712085269e-03
29                      	4.4345571017682267e-01	2.1641731482537407e-01	2.2703839535144857e-01	5.0522205655061450e-02	-4.6108931633586828e-02	9.6631137288648278e-02	-7.1370034461117560e-02	-5.3105402630372360e-03	7.3794588394672407e-03	2.0670177676088888e-02	1.7714547677511683e-02	2.9556299985772031e-03
30                      	4.4327486052236753e-01	2.1613687242732901e-01	2.2713798809503855e-01	4.8017447037225887e-02	-4.9467834193380966e-02	9.7485281230606860e-02	-7.3476557711993906e-02	-5.5005578338547583e-03	7.3283701774358705e-03	2.1167951476395427e-02	1.7912345915633582e-02	3.2556055607618432e-03
31                      	4.4266595596014358e-01	2.1576032067166825e-01	2.2690563528847532e-01	4.3986654990847682e-02	-5.2865563342258351e-02	9.6852218333106047e-02	-7.4858890837682199e-02	-5.5726573084035249e-03	6.7467905355453944e-03	2.0963734627818201e-02	1.7228657849454494e-02	3.7350767783637055e-03
32                      	4.4147297003656727e-01	2.1519976969601579e-01	2.2627320034055148e-01	3.8908024037455032e-02	-5.5726393614704474e-02	9.4634417652159505e-02	-7.5180405633431993e-02	-5.5367153222678498e-03	5.7399515181008913e-03	1.9966801896242364e-02	1.5723352466222074e-02	4.2434494300202900e-03
33                      	4.3980857493638364e-01	2.1450701275611914e-01	2.2530156218026451e-01	3.3310844433508596e-02	-5.7536576754603073e-02	9.0847421188111663e-02	-7.4191998971357365e-02	-5.3972747120726687e-03	4.5641971318660015e-03	1.8498148437278254e-02	1.3813271350505129e-02	4.6848770867731265e-03
34                      	4.3776688958783522e-01	2.1370278488237762e-01	2.2406410470545757e-01	2.9408034616940582e-02	-5.7364852494055235e-02	8.6772887110995831e-02	-7.2068869802525526e-02	-5.1806599115399588e-03	3.4173144181180418e-03	1.6917548616911856e-02	1.1876088726573969e-02	5.0414598903378858e-03
35                      	4.3573074712465426e-01	2.1301613369948369e-01	2.2271461342517054e-01	2.8590744623693765e-02	-5.5008767839729335e-02	8.3599512463423092e-02	-6.9304140151576210e-02	-4.8492398628434234e-03	2.3733508553288431e-03	1.5162225750333925e-02	9.9544637304958047e-03	5.2077620198381193e-03
36                      	4.3451455695643632e-01	2.1278349745210767e-01	2.2173105950432861e-01	3.0194989250613889e-02	-5.0801040853938606e-02	8.0996030104552502e-02	-6.5898535479245554e-02	-4.4737810261104719e-03	1.5070439757684196e-03	1.3612769839689454e-02	8.3134288956131473e-03	5.2993409440763072e-03
37                      	4.3434702709081840e-01	2.1296374449347846e-01	2.2138328259733994e-01	3.2288571781413256e-02	-4.6520474565877351e-02	7.8809046347290607e-02	-6.2664760456583979e-02	-4.2097690519307292e-03	8.1025857341656782e-04	1.2638946555355024e-02	7.1297318510940792e-03	5.5092147042609448e-03
38                      	4.3498450195963467e-01	2.1337122007199141e-01	2.2161328188764329e-01	3.2310535272613912e-02	-4.4519806493181900e-02	7.6830341765795812e-02	-6.0675074129488853e-02	-4.1210309078259259e-03	4.5130433385682015e-04	1.2082864435558609e-02	6.4927365516361246e-03	5.5901278839224850e-03
39                      	4.3607048497410927e-01	2.1379506061649811e-01	2.2227542435761116e-01	2.9248501249764212e-02	-4.5597726967989645e-02	7.4846228217753871e-02	-6.0221977592871755e-02	-4.2401818705565218e-03	4.9815157252226512e-04	1.1873036243301013e-02	6.4346696941727718e-03	5.4383665491282403e-03
40                      	4.3720693880242673e-01	2.1428277102974685e-01	2.2292416777267990e-01	2.4012021371966511e-02	-4.8775497526356501e-02	7.2787518898323023e-02	-6.0781508212339762e-02	-4.3206983714665394e-03	8.1044260280783824e-04	1.1488300615815544e-02	6.5545929107156103e-03	4.9337077050999340e-03
41                      	4.3775261413991601e-01	2.1468767697626676e-01	2.2306493716364925e-01	1.8697876293703970e-02	-5.2676837581409355e-02	7.1374713875113321e-02	-6.2025775728261338e-02	-4.1886300936912505e-03	1.4600208531069874e-03	1.0792793143542447e-02	6.8564174248782117e-03	3.9363757186642364e-03
42                      	4.3707848230321422e-01	2.1460572317872686e-01	2.2247275912448733e-01	1.5394413354015347e-02	-5.6251475006304626e-02	7.1645888360319973e-02	-6.3948681683312303e-02	-3.9335179728802435e-03	2.2742550237802302e-03	1.0398433062787663e-02	7.4734715551740610e-03	2.9249615076136011e-03
43                      	4.3493148640227819e-01	2.1367733835976829e-01	2.2125414804250990e-01	1.5388360208190951e-02	-5.8605271173159605e-02	7.3993631381350553e-02	-6.6299451277255075e-02	-3.7884048413708198e-03	2.9547566550604883e-03	1.0742900896562657e-02	8.3262071033418181e-03	2.4166937932208403e-03
44                      	4.3127495112718950e-01	2.1190806543804744e-01	2.1936688568914209e-01	1.7433850612617076e-02	-5.9942031245794863e-02	7.7375881858411932e-02	-6.8658956552103398e-02	-3.7294101255473237e-03	3.2813632744216467e-03	1.1828385579472425e-02	9.1955560641578601e-03	2.6328295153145659e-03
45                      	4.2629586452630003e-01	2.0938897612946022e-01	2.1690688839683978e-01	2.1830881689850937e-02	-5.9116798237260688e-02	8.0947679927111632e-02	-7.0032239082186157e-02	-3.7589561336897740e-03	3.4937953967486015e-03	1.2952527748638353e-02	9.9700592710677792e-03	2.9824684775705749e-03
46                      	4.2035563982978374e-01	2.0624231203447640e-01	2.1411332779530731e-01	2.9860222265336658e-02	-5.4754376161632111e-02	8.4614598426968765e-02	-6.9684487294300435e-02	-3.9355078804154415e-03	3.6914746032225072e-03	1.3648061578305906e-02	1.0515505392375462e-02	3.1325561859304458e-03
47                      	4.1428094127787918e-01	2.0285155427429652e-01	2.1142938700358266e-01	3.9456421248935614e-02	-4.7735701628795160e-02	8.7192122877730774e-02	-6.7463912253262967e-02	-4.2889163646430677e-03	3.8023413321100472e-03	1.3750431125931349e-02	1.0677556895075721e-02	3.0728742308556278e-03
48                      	4.0893222749690489e-01	1.9975564851357624e-01	2.0917657898332864e-01	4.6228867627643278e-02	-4.0951513681733845e-02	8.7180381309377122e-02	-6.4065947495555484e-02	-4.7104652348762110e-03	3.9010339605405255e-03	1.3438745053360302e-02	1.0620406487220678e-02	2.8183385661396257e-03
49                      	4.0445631671205184e-01	1.9703940863702993e-01	2.0741690807502189e-01	4.6381465675235427e-02	-3.6595470180742960e-02	8.2976935855978387e-02	-5.9786203018360677e-02	-5.1887497189959924e-03	4.0644652151091221e-03	1.3110133197490428e-02	1.0619531813854336e-02	2.4906013836360928e-03
50                      	4.0072086613413122e-01	1.9468036655665849e-01	2.0604049957747272e-01	3.8211405825213679e-02	-3.5152025462171284e-02	7.3363431287384970e-02	-5.4257728374778123e-02	-5.6800665104071333e-03	4.5190903729215529e-03	1.2963596838239888e-02	1.1000888792041497e-02	1.9627080461983915e-03
51                      	3.9809384234976475e-01	1.9299623128607196e-01	2.0509761106369279e-01	2.4750860760746497e-02	-3.4998367526672833e-02	5.9749228287419333e-02	-4.7373797907046086e-02	-6.0506898888104139e-03	5.4480682628223875e-03	1.2553094842470372e-02	1.1724615684057573e-02	8.2847915841279787e-04
52                      	3.9655097368021008e-01	1.9203091425845736e-01	2.0452005942175275e-01	1.0014074524148205e-02	-3.4594023655800048e-02	4.4608098179948250e-02	-3.9601060917874152e-02	-6.2445725816476921e-03	6.5842178179801062e-03	1.1599776974720116e-02	1.2384106305340164e-02	-7.8432933062004822e-04
53                      	3.9601901679793600e-01	1.9166817547159756e-01	2.0435084132633843e-01	-3.4624129286247689e-03	-3.3451663956791944e-02	2.9989251028167171e-02	-3.1720457492479558e-02	-6.3413329273704399e-03	7.4718584352642652e-03	1.0423213576785620e-02	1.2683465223657075e-02	-2.2602516468714553e-03
54                      	3.9605706986817263e-01	1.9172989423006676e-01	2.0432717563810587e-01	-1.4681115951817163e-02	-3.1956177976314011e-02	1.7275062024496853e-02	-2.4615620000405430e-02	-6.2986407040195548e-03	7.9115853836058854e-03	9.3199319215705560e-03	1.2571551344391163e-02	-3.2516194228206078e-03
55                      	3.9618600471333620e-01	1.9193372298877717e-01	2.0425228172455903e-01	-2.3796799146933223e-02	-3.0592470357576153e-02	6.7956712106429290e-03	-1.8694070784109541e-02	-6.1592793678909167e-03	7.9115736598044991e-03	8.6319503852316671e-03	1.2227548852420332e-02	-3.5955984671886660e-03
56                      	3.9585695624094153e-01	1.9188248592172849e-01	2.0397447031921306e-01	-3.0598424403471415e-02	-2.9623537858985322e-02	-9.7488654448609022e-04	-1.4324325657249616e-02	-6.0459921987422874e-03	7.6709426489784205e-03	8.6690434240507281e-03	1.2005464361003785e-02	-3.3364209369530569e-03
57                      	3.9462839005919004e-01	1.9131519359101867e-01	2.0331319646817136e-01	-3.4485569731961006e-02	-2.8660761720220581e-02	-5.8248080117404262e-03	-1.1417976854240078e-02	-5.9990014385763422e-03	7.5683923428154698e-03	9.3594766525840773e-03	1.2248130669107508e-02	-2.8886540165234315e-03
58                      	3.9261479695734541e-01	1.9025750846162734e-01	2.0235728849571805e-01	-3.6473641803536190e-02	-2.7979287354069272e-02	-8.4943544494669211e-03	-9.7424664523011739e-03	-6.0498900170453561e-03	7.7383286228154286e-03	1.0734404865691681e-02	1.3105531055661267e-02	-2.3711261899695881e-03
59                      	3.9001027926531662e-01	1.8883591085074114e-01	2.0117436841457551e-01	-3.7108808412550716e-02	-2.7726236753344152e-02	-9.3825716592065653e-03	-9.1718325470687943e-03	-6.1692287819171635e-03	8.1592704145541026e-03	1.2291436151784539e-02	1.4304988490446370e-02	-2.0135523386618321e-03
60                      	3.8688872979707273e-01	1.8711191209437117e-01	1.9977681770270156e-01	-3.5792907223278707e-02	-2.7583327811133516e-02	-8.2095794121451911e-03	-9.6868741994941606e-03	-6.3324528041651760e-03	8.6682896747663340e-03	1.3828578607390450e-02	1.5582578978461558e-02	-1.7540003710711087e-03
61                      	3.8338356612347235e-01	1.8520712665314576e-01	1.9817643947032659e-01	-3.1893122361828327e-02	-2.7185596634708920e-02	-4.7075257271194000e-03	-1.1239035453794762e-02	-6.4846564085904021e-03	9.0669606186808329e-03	1.5302075989433906e-02	1.6717998613397785e-02	-1.4159226239638795e-03
62                      	3.7984755766826495e-01	1.8335219758832333e-01	1.9649536007994162e-01	-2.5448039194757827e-02	-2.6870817239172833e-02	1.4227780444150085e-03	-1.4146797641793921e-02	-6.5715812458091308e-03	9.2079295997850499e-03	1.6726698750890910e-02	1.7571278975230507e-02	-8.4458022433959621e-04
63                      	3.7681140831251919e-01	1.8185954292685350e-01	1.9495186538566570e-01	-1.7234248829486268e-02	-2.6924225098985018e-02	9.6899762694987492e-03	-1.8307100684241885e-02	-6.5461612294060931e-03	9.1051463565359203e-03	1.8096708802536388e-02	1.8153500757804114e-02	-5.6791955267726973e-05
64                      	3.7425141062777789e-01	1.8067842408256782e-01	1.9357298654521007e-01	-8.1677374402249307e-03	-2.7616407658414485e-02	1.9448670218189558e-02	-2.3532538938302022e-02	-6.4472812313211177e-03	8.9135596301438743e-03	1.9492973038887727e-02	1.8660046149587738e-02	8.3292688929998944e-04
65                      	3.7195980982766175e-01	1.7965258165143583e-01	1.9230722817622589e-01	1.3445566816685818e-03	-2.8883509041053870e-02	3.0228065722722446e-02	-2.9555787381888157e-02	-6.3273232623950347e-03	8.7081673601362986e-03	2.1236422670313122e-02	1.9326378695292860e-02	1.9100439750202624e-03
66                      	3.6992465011536607e-01	1.7878933333681379e-01	1.9113531677855231e-01	1.0900293372811908e-02	-3.0503133975981266e-02	4.1403427348793181e-02	-3.5953280662387219e-02	-6.1729917208692541e-03	8.5058138554659803e-03	2.3214966788390887e-02	2.0113297249661426e-02	3.1016695387294643e-03
67                      	3.6816038711489912e-01	1.7815757301760635e-01	1.9000281409729278e-01	2.0113591245464666e-02	-3.2089245484912307e-02	5.2202836730376970e-02	-4.2146041107644638e-02	-5.9226205398432170e-03	8.3038701423474772e-03	2.5015489207588445e-02	2.0811614746141700e-02	4.2038744614467452e-03
68                      	3.6653398303048312e-01	1.7765000853001620e-01	1.8888397450046690e-01	2.8966447644633735e-02	-3.3032801272221253e-02	6.1999248916854988e-02	-4.7516025094538124e-02	-5.6169829852253288e-03	8.0336400396864068e-03	2.6221076611720018e-02	2.1144178345546414e-02	5.0768982661736021e-03
69                      	3.6469250025762062e-01	1.7689944653670972e-01	1.8779305372091090e-01	3.6897898771708709e-02	-3.3273128410939483e-02	7.0171027182648199e-02	-5.1722077796793837e-02	-5.4468035921005960e-03	7.6881916938650770e-03	2.6772853925464371e-02	2.1074618656597262e-02	5.6982352688671077e-03
70                      	3.6249821274701188e-01	1.7573825686861819e-01	1.8675995587839367e-01	4.2549616156462494e-02	-3.3434271538668230e-02	7.5983887695130717e-02	-5.4709079616899477e-02	-5.5108495048877409e-03	7.3129244463879597e-03	2.6776003954054200e-02	2.0700926423415058e-02	6.0750775306391393e-03
71                      	3.6010759731887776e-01	1.7432346097801879e-01	1.8578413634085897e-01	4.6518346469838545e-02	-3.3685283518307116e-02	8.0203629988145661e-02	-5.6944456753226388e-02	-5.7303376814201003e-03	6.9450916177272726e-03	2.6427513256055767e-02	2.0158848245755156e-02	6.2686650103006107e-03
72                      	3.5732769497487021e-01	1.7275163121242892e-01	1.8457606376244126e-01	5.0779793221283683e-02	-3.3779650559107380e-02	8.4559443780391069e-02	-5.9169547169749225e-02	-5.9122162750061555e-03	6.7510506744824592e-03	2.5707820919696981e-02	1.9604961134330950e-02	6.1028597853660322e-03
73                      	3.5437647312426246e-01	1.7117212851527489e-01	1.8320434460898755e-01	5.6236400513265693e-02	-3.3547379494496189e-02	8.9783780007761868e-02	-6.1665579751129032e-02	-6.0161080468563522e-03	6.7849204899439021e-03	2.4808030960785252e-02	1.9188935970336527e-02	5.6190949904487229e-03
74                      	3.5181568228519783e-01	1.6973082589747621e-01	1.8208485638772162e-01	6.2635109232499889e-02	-3.3027237263256272e-02	9.5662346495756168e-02	-6.4344791879506216e-02	-6.1770152451227191e-03	6.9546589777145212e-03	2.4352721473341322e-02	1.9131019714385182e-02	5.2217017589561397e-03
75                      	3.4998590323348555e-01	1.6845698745948204e-01	1.8152891577400354e-01	7.0038474524910674e-02	-3.2064801221642590e-02	1.0210327574655327e-01	-6.7084038484097927e-02	-6.5359641572607400e-03	7.1544349408044624e-03	2.4887198451404451e-02	1.9598034166506687e-02	5.2891642848977641e-03
76                      	3.4886246018576450e-01	1.6732208491901576e-01	1.8154037526674877e-01	7.8865554984238223e-02	-3.0220413411374651e-02	1.0908596839561287e-01	-6.9653190903493756e-02	-7.1091451738664940e-03	7.4476970806435982e-03	2.6438935356223176e-02	2.0667164758755185e-02	5.7717705974679899e-03
77                      	3.4797632501604137e-01	1.6622971393540545e-01	1.8174661108063589e-01	8.8667782192198369e-02	-2.7778218292821358e-02	1.1644600048501971e-01	-7.2112109388920542e-02	-7.7584485726152385e-03	7.9095269736050387e-03	2.8649196905803611e-02	2.2234125426506844e-02	6.4150714792967668e-03
78                      	3.4665772448829768e-01	1.6500977277417772e-01	1.8164795171411999e-01	9.8207695756079516e-02	-2.5709241226915164e-02	1.2391693698299468e-01	-7.4813089104954919e-02	-8.3190894699711419e-03	8.5991641335501304e-03	3.0874509846554560e-02	2.4036419056827407e-02	6.8380907897271498e-03
79                      	3.4462852223245388e-01	1.6362041725623835e-01	1.8100810497621556e-01	1.0637013662190956e-01	-2.4645759208653532e-02	1.3101589583056308e-01	-7.7830827519608306e-02	-8.6938438599885991e-03	9.3871531845527226e-03	3.2865421467344516e-02	2.5819863918224977e-02	7.0455575491195337e-03
80                      	3.4182261985618290e-01	1.6202561870034984e-01	1.7979700115583302e-01	1.1264857078074635e-01	-2.4655800243761898e-02	1.3730437102450824e-01	-8.0980085634135071e-02	-8.8856912277416062e-03	1.0103629704670080e-02	3.4605978070063222e-02	2.7406618739701689e-02	7.1993593303615287e-03
81                      	3.3837864043897509e-01	1.6020286506919626e-01	1.7817577536977883e-01	1.1744159054406403e-01	-2.5062828510482613e-02	1.4250441905454664e-01	-8.3783623782514624e-02	-8.9864551502912976e-03	1.0655446698883908e-02	3.6042129201400389e-02	2.8676511299584102e-02	7.3656179018162845e-03
82                      	3.3476566429420973e-01	1.5831741324444379e-01	1.7644825104976591e-01	1.2095847852304308e-01	-2.5233430082595116e-02	1.4619190860563819e-01	-8.5712669344116657e-02	-9.0654189026610644e-03	1.1039929751858248e-02	3.7134127834382705e-02	2.9606993669049602e-02	7.5271341653331053e-03
83                      	3.3165607216891341e-01	1.5670097094394050e-01	1.7495510122497290e-01	1.2347585854836224e-01	-2.4661867227251527e-02	1.4813772577561377e-01	-8.6399796501432646e-02	-9.1270651405162082e-03	1.1315581361311606e-02	3.7837837278810856e-02	3.0234500000717035e-02	7.6033372780938196e-03
84                      	3.2927446144963990e-01	1.5550195762729965e-01	1.7377250382234027e-01	1.2476866144948442e-01	-2.3640476039019739e-02	1.4840913748850415e-01	-8.6024806763761952e-02	-9.1352730975202950e-03	1.1490953619230779e-02	3.8115353297841256e-02	3.0548630268151411e-02	7.5667230296898504e-03
85                      	3.2760102822871434e-01	1.5477298313519453e-01	1.7282804509351979e-01	1.2435869176489722e-01	-2.2711249594973990e-02	1.4706994135987123e-01	-8.4890595477422601e-02	-9.0275309791626440e-03	1.1530133205669625e-02	3.7959109222122929e-02	3.0509687816731090e-02	7.4494214053918394e-03
86                      	3.2652009469590870e-01	1.5449449491871539e-01	1.7202559977719331e-01	1.2286552091331587e-01	-2.1902834000193994e-02	1.4476835491350987e-01	-8.3335594456851930e-02	-8.7655524292389493e-03	1.1359074328716750e-02	3.7416661336229465e-02	3.0067404996831481e-02	7.3492563393979821e-03
87                      	3.2588008920572864e-01	1.5455693653880148e-01	1.7132315266692716e-01	1.2141203015717716e-01	-2.0951744016198846e-02	1.4236377417337601e-01	-8.1657759094787424e-02	-8.3831080640628195e-03	1.0917195449978680e-02	3.6534151165523547e-02	2.9184271032740454e-02	7.3498801327830940e-03
88                      	3.2558579838065693e-01	1.5486965438371236e-01	1.7071614399694454e-01	1.2043026546172117e-01	-1.9832452179015365e-02	1.4026271764073653e-01	-8.0047584909875943e-02	-7.9232448066160928e-03	1.0253437008436027e-02	3.5245306544799758e-02	2.7876090280835906e-02	7.3692162639638521e-03
89                      	3.2556469331995352e-01	1.5530811200116657e-01	1.7025658131878696e-01	1.1994364579901157e-01	-1.8577772803183436e-02	1.3852141860219500e-01	-7.8549595702689226e-02	-7.4742346588101824e-03	9.5075564654368266e-03	3.3698012543859165e-02	2.6356562737366408e-02	7.3414498064927544e-03
90                      	3.2551503755489014e-01	1.5562740050242499e-01	1.6988763705246512e-01	1.1928353552293082e-01	-1.7553682576042784e-02	1.3683721809897359e-01	-7.7195450337508187e-02	-7.1301182750200739e-03	8.8883990889037801e-03	3.2064935720830898e-02	2.4920866949319231e-02	7.1440687715116679e-03
91                      	3.2511165793911051e-01	1.5560044671935175e-01	1.6951121121975879e-01	1.1741573158209413e-01	-1.7351054431867959e-02	1.3476678601396211e-01	-7.6058920222915022e-02	-6.9553822502035397e-03	8.4983542541485664e-03	3.0484053790525743e-02	2.3740381149411436e-02	6.7436726411143058e-03
92                      	3.2428930517341720e-01	1.5521062790668980e-01	1.6907867726672737e-01	1.1354285453278584e-01	-1.8333541344967716e-02	1.3187639587775357e-01	-7.5104968611360637e-02	-6.9340246800187934e-03	8.2640280416931139e-03	2.9034101413073211e-02	2.2781078748229718e-02	6.2530226648434915e-03
93                      	3.2324498896523024e-01	1.5461368156697919e-01	1.6863130739825102e-01	1.0718993195893144e-01	-2.0515691945457864e-02	1.2770562390438930e-01	-7.4110657924923579e-02	-7.0088129156359357e-03	8.0796329904075335e-03	2.7935292315726161e-02	2.2047279148270614e-02	5.8880131674555478e-03
94                      	3.2216580745168427e-01	1.5398030327356682e-01	1.6818550417811748e-01	9.8237621594263996e-02	-2.3794480490816960e-02	1.2203210208508096e-01	-7.2913291287948961e-02	-7.1026004522753480e-03	7.8917933352220804e-03	2.7359624034506137e-02	2.1571605352475147e-02	5.7880186820309879e-03
95                      	3.2100002363593988e-01	1.5334349782915085e-01	1.6765652580678903e-01	8.7310742253412371e-02	-2.7831189052605492e-02	1.1514193130601787e-01	-7.1486560179311681e-02	-7.1565139888191010e-03	7.6908161091560172e-03	2.7369161600248083e-02	2.1375396909280059e-02	5.9937646909680245e-03
96                      	3.1975010535353987e-01	1.5275821073881138e-01	1.6699189461472852e-01	7.5539936815493466e-02	-3.2214784894109505e-02	1.0775472170960297e-01	-6.9984753301856231e-02	-7.1168419379585516e-03	7.5098013989396859e-03	2.7965326223064798e-02	2.1492464510472084e-02	6.4728617125927130e-03
97                      	3.1852586306527331e-01	1.5229254105500986e-01	1.6623332201026347e-01	6.3846800136881113e-02	-3.6725525773291155e-02	1.0057232591017227e-01	-6.8648925841731712e-02	-6.9703904776268026e-03	7.3829144782288914e-03	2.8925953682223428e-02	2.1845891319340605e-02	7.0800623628828234e-03
98                      	3.1727331999699510e-01	1.5188351811044151e-01	1.6538980188655358e-01	5.2770057212487800e-02	-4.1267541816345808e-02	9.4037599028833602e-02	-6.7652570422589708e-02	-6.7531418880560357e-03	7.3602445094280832e-03	2.9867387480610706e-02	2.2293938249733435e-02	7.5734492308772699e-03
99                      	3.1576395720469025e-01	1.5136046137573186e-01	1.6440349582895841e-01	4.2973771282658300e-02	-4.5595661629714679e-02	8.8569432912372986e-02	-6.7082547271043833e-02	-6.5215172266132639e-03	7.4351335034599248e-03	3.0525069065407126e-02	2.2697668036163490e-02	7.8274010292436400e-03
100                     	3.1387225697437332e-01	1.5060377419762974e-01	1.6326848277674358e-01	3.4869713706552709e-02	-4.9195678474340671e-02	8.4065392180893386e-02	-6.6630535327617021e-02	-6.3323542895569315e-03	7.6173413532114233e-03	3.0784370336065250e-02	2.3009526521244047e-02	7.7748438148212019e-03
101                     	3.1172143551522330e-01	1.4960600649907566e-01	1.6211542901614762e-01	2.8827744437073432e-02	-5.1405441800983290e-02	8.0233186238056725e-02	-6.5819314019520014e-02	-6.2547112585359657e-03	7.8603019531054870e-03	3.0798980126235432e-02	2.3259792016223205e-02	7.5391881100122290e-03
102                     	3.0953719708362470e-01	1.4844734621061431e-01	1.6108985087301042e-01	2.4609306014962092e-02	-5.2127019825606767e-02	7.6736325840568859e-02	-6.4431672833087816e-02	-6.3212523311980641e-03	8.0866040301015608e-03	3.0672397943836995e-02	2.3422803002020057e-02	7.2495949418169359e-03
103                     	3.0751599599827251e-01	1.4726545587506046e-01	1.6025054012321205e-01	2.1618002887554253e-02	-5.1788218503008479e-02	7.3406221390562743e-02	-6.2597219946785604e-02	-6.4925421240757926e-03	8.2129071121576306e-03	3.0401319903105184e-02	2.3413567063710224e-02	6.9877528393949622e-03
104                     	3.0574236770157043e-01	1.4618626795494707e-01	1.5955609974662338e-01	1.9282983421259486e-02	-5.0872557448923057e-02	7.0155540870182539e-02	-6.0514049159552802e-02	-6.6849158958381463e-03	8.1927708588797402e-03	3.0003634761876619e-02	2.3194588239818053e-02	6.8090465220585683e-03
105                     	3.0427897723647557e-01	1.4529069011844198e-01	1.5898828711803359e-01	1.7301571879697449e-02	-4.9731541011239513e-02	6.7033112890936969e-02	-5.8382326951088248e-02	-6.8487984997958077e-03	8.0591993542112588e-03	2.9540401352869988e-02	2.2829400030646253e-02	6.7110013222237341e-03
106                     	3.0320062628635985e-01	1.4461859926490611e-01	1.5858202702145377e-01	1.5734181790295169e-02	-4.8491676356013841e-02	6.4225858146309017e-02	-5.6358767251161422e-02	-6.9817138782738318e-03	7.9147275853474561e-03	2.9098070065635771e-02	2.2463762618165344e-02	6.6343074474704295e-03
107                     	3.0261672108136162e-01	1.4420011747569550e-01	1.5841660360566612e-01	1.4627659232345019e-02	-4.7127183346193473e-02	6.1754842578538485e-02	-5.4441012962365982e-02	-7.1082430649853107e-03	7.8601153680700510e-03	2.8833460283402591e-02	2.2276845509771347e-02	6.5566147736312447e-03
108                     	3.0263900858986259e-01	1.4404964748822532e-01	1.5858936110163727e-01	1.3821318047992241e-02	-4.5635676597229856e-02	5.9456994645222097e-02	-5.2546335621225980e-02	-7.2698568067059797e-03	7.9632590514232444e-03	2.8934042350902852e-02	2.2430280226874672e-02	6.5037621240281807e-03
109                     	3.0325269779674158e-01	1.4413089755895836e-01	1.5912180023778325e-01	1.2784442274749064e-02	-4.4292094672604025e-02	5.7076536947353096e-02	-5.0684315809978557e-02	-7.4954513394124445e-03	8.2239781027846660e-03	2.9484850924037565e-02	2.2966403564803447e-02	6.5184473592341157e-03
110                     	3.0419798694689559e-01	1.4428661615907110e-01	1.5991137078782452e-01	1.1006764727179307e-02	-4.3682844241764281e-02	5.4689608968943579e-02	-4.9186226605353926e-02	-7.8123773143767032e-03	8.5752961167760659e-03	3.0406863710368107e-02	2.3778727971960120e-02	6.6281357384079878e-03
111                     	3.0506754498857164e-01	1.4430842487869855e-01	1.6075912010987309e-01	8.8500715723283524e-03	-4.4128916611578438e-02	5.2978988183906790e-02	-4.8553952397742614e-02	-8.2253476155872869e-03	8.9346014485910639e-03	3.1529770057707317e-02	2.4699486477444722e-02	6.8302835802625935e-03
112                     	3.0542007800671939e-01	1.4401296732338117e-01	1.6140711068333818e-01	7.3991581006872063e-03	-4.5394740810010444e-02	5.2793898910697655e-02	-4.9094319860354049e-02	-8.6970716799784943e-03	9.2401682550436754e-03	3.2641677026426154e-02	2.5561006768256751e-02	7.0806702581694032e-03
113                     	3.0501110322772873e-01	1.4335531520518124e-01	1.6165578802254746e-01	7.9216474205439837e-03	-4.6720442317693858e-02	5.4642089738237837e-02	-5.0681266027965848e-02	-9.1502364086831177e-03	9.4266334866893991e-03	3.3627065891808715e-02	2.6240166432593758e-02	7.3868994592149592e-03
114                     	3.0389952951324817e-01	1.4241406928138442e-01	1.6148546023186375e-01	1.1475153991373773e-02	-4.7127893204182550e-02	5.8603047195556320e-02	-5.2865470199869431e-02	-9.5356954752396569e-03	9.4460658135829580e-03	3.4419318498728840e-02	2.6655725062947375e-02	7.7635934357814622e-03
115                     	3.0231737724405255e-01	1.4133562726234153e-01	1.6098174998171100e-01	1.7964155294061722e-02	-4.6146270957635675e-02	6.4110426251697397e-02	-5.5128348604666540e-02	-9.8230613596847344e-03	9.3309408291650190e-03	3.4982890132585910e-02	2.6822385895457972e-02	8.1605042371279343e-03
116                     	3.0058307957812430e-01	1.4029409001927509e-01	1.6028898955884924e-01	2.6059375859571118e-02	-4.4122831356582362e-02	7.0182207216153480e-02	-5.7152519286367921e-02	-9.9974497697870660e-03	9.1337080583164098e-03	3.5310284695906718e-02	2.6788850406269771e-02	8.5214342896369512e-03
117                     	2.9898420854917523e-01	1.3941828213487978e-01	1.5956592641429546e-01	3.3552771379871747e-02	-4.2130060652604981e-02	7.5682832032476735e-02	-5.8906446342540851e-02	-1.0073822139707851e-02	8.8605016476865448e-03	3.5441312305258078e-02	2.6581157800315582e-02	8.8601545049424926e-03
118                     	2.9770858106830977e-01	1.3876944384761739e-01	1.5893913722069239e-01	3.8825508482085935e-02	-4.1196029415537745e-02	8.0021537897623687e-02	-6.0608783656580713e-02	-1.0084846686537507e-02	8.5440325576680073e-03	3.5396952028911730e-02	2.6242508572123870e-02	9.1544434567878575e-03
119                     	2.9675027781067337e-01	1.3832262298092393e-01	1.5842765482974944e-01	4.1745629317006434e-02	-4.1639100542310362e-02	8.3384729859316789e-02	-6.2511915200813575e-02	-1.0052515924412765e-02	8.2920207857290571e-03	3.5093336788880117e-02	2.5838689180169121e-02	9.2546476087110030e-03
120                     	2.9590214347069255e-01	1.3797992977637763e-01	1.5792221369431492e-01	4.3028885833161862e-02	-4.3086269280071185e-02	8.6115155113233047e-02	-6.4600712196652116e-02	-9.9711419589686573e-03	8.1876712102714553e-03	3.4501282914820755e-02	2.5438312667681831e-02	9.0629702471389205e-03
121                     	2.9492465600797979e-01	1.3763198606508451e-01	1.5729266994289526e-01	4.3592884731441947e-02	-4.4928361884384184e-02	8.8521246615826124e-02	-6.6724804250105157e-02	-9.8303419389053764e-03	8.1955185207437421e-03	3.3750971895907853e-02	2.5071004468697665e-02	8.6799674272101841e-03
122                     	2.9360913022393992e-01	1.3719525866908425e-01	1.5641387155485567e-01	4.3942139115212213e-02	-4.6842014592458327e-02	9.0784153707670540e-02	-6.8813084150064430e-02	-9.6093064428857122e-03	8.1961443777804968e-03	3.2983938863202750e-02	2.4688113809381872e-02	8.2958250538208763e-03
123                     	2.9189764972195931e-01	1.3661497927302874e-01	1.5528267044893054e-01	4.4183908189439347e-02	-4.8612009333918023e-02	9.2795917523357377e-02	-7.0703963428637703e-02	-9.3338455879509018e-03	8.0631049536887562e-03	3.2293737802265923e-02	2.4209973854821720e-02	8.0837639474442054e-03
124                     	2.8980519669597204e-01	1.3582486714880682e-01	1.5398032954716523e-01	4.4455142126314420e-02	-5.0003495850071668e-02	9.4458637976386095e-02	-7.2231066913228878e-02	-9.0777311991792169e-03	7.7583801334581296e-03	3.1760375837418205e-02	2.3638568052167231e-02	8.1218077852509753e-03
125                     	2.8747663058965778e-01	1.3483306808415835e-01	1.5264356250549940e-01	4.4620943714608695e-02	-5.0987007343607629e-02	9.5607951058216331e-02	-7.3297479200911980e-02	-8.9052472106705242e-03	7.3391731266494731e-03	3.1454895222051749e-02	2.3066620737675347e-02	8.3882744843764030e-03
126                     	2.8511398925418285e-01	1.3371595829665242e-01	1.5139803095753043e-01	4.4861947167657831e-02	-5.1343946469148652e-02	9.6205893636806483e-02	-7.3774920052977561e-02	-8.8410363304389974e-03	6.9169929822577268e-03	3.1301151517171430e-02	2.2567568740843442e-02	8.7335827763279864e-03
127                     	2.8287304797194057e-01	1.3255649024909438e-01	1.5031655772284624e-01	4.5674171730584183e-02	-5.0708535251097017e-02	9.6382706981681193e-02	-7.3545621116389112e-02	-8.8800337368759256e-03	6.6256468935193781e-03	3.1136792696368706e-02	2.2194043241703730e-02	8.9427494546649756e-03
128                     	2.8081180810726514e-01	1.3138858931362549e-01	1.4942321879363965e-01	4.7263029870502897e-02	-4.9011841494813385e-02	9.6274871365316289e-02	-7.2643356430064837e-02	-9.0173147400070680e-03	6.5533109279560147e-03	3.0883799400474324e-02	2.1995210628193176e-02	8.8885887722811464e-03
129                     	2.7905254177275607e-01	1.3026604514074849e-01	1.4878649663200758e-01	4.9028620845116451e-02	-4.6672502694489117e-02	9.5701123539605554e-02	-7.1186813117047332e-02	-9.2602257456295533e-03	6.7118174520266749e-03	3.0621976018713633e-02	2.2022805461383493e-02	8.5991705573301418e-03
130                     	2.7779737277026201e-01	1.2928901533114470e-01	1.4850835743911731e-01	4.9901128176089556e-02	-4.4429889402164094e-02	9.4331017578253643e-02	-6.9380453490208868e-02	-9.6096710539862826e-03	7.0732209884967609e-03	3.0494778345908066e-02	2.2320610161450795e-02	8.1741681844572714e-03
131                     	2.7723100140335477e-01	1.2858047254892901e-01	1.4865052885442573e-01	4.9216765149018585e-02	-4.2684423647414524e-02	9.1901188796433109e-02	-6.7292806221923823e-02	-1.0035028152748360e-02	7.5823279766921402e-03	3.0628378691738675e-02	2.2896517322561476e-02	7.7318613691771962e-03
132                     	2.7734227264940942e-01	1.2818743029824847e-01	1.4915484235116094e-01	4.6924724919215739e-02	-4.1488935610019276e-02	8.8413660529235022e-02	-6.4951298069627142e-02	-1.0483706026456248e-02	8.1713598108317086e-03	3.1096891630758704e-02	2.3719805626211059e-02	7.3770860045476432e-03
133                     	2.7793572367211766e-01	1.2806296693279401e-01	1.4987275673932365e-01	4.3296410344539335e-02	-4.0901798495665234e-02	8.4198208840204569e-02	-6.2550003667934909e-02	-1.0904894903264840e-02	8.7905085976211651e-03	3.1856511112042706e-02	2.4718764153642520e-02	7.1377469584001894e-03
134                     	2.7880572465151643e-01	1.2815297905413328e-01	1.5065274559738318e-01	3.8268435298233677e-02	-4.1196355516916049e-02	7.9464790815149733e-02	-6.0330573166032894e-02	-1.1249883271624935e-02	9.3719104865661942e-03	3.2807897216537887e-02	2.5775859094835141e-02	7.0320381217027520e-03
135                     	2.7971033128022627e-01	1.2838242348603535e-01	1.5132790779419095e-01	3.1972082099046187e-02	-4.2506986343806522e-02	7.4479068442852708e-02	-5.8493027393329615e-02	-1.1472742154077804e-02	9.8228076169949285e-03	3.3843554368202626e-02	2.6744584801096243e-02	7.0989695671063845e-03
136                     	2.8044149868083029e-01	1.2866411145597142e-01	1.5177738722485887e-01	2.5160846684911187e-02	-4.4528329405529220e-02	6.9689176090440411e-02	-5.7108752747984812e-02	-1.1556637884443716e-02	1.0100207867565882e-02	3.4793595091840358e-02	2.7497005413486063e-02	7.2965896783542990e-03
137                     	2.8082955036158957e-01	1.2890749204407514e-01	1.5192205831751440e-01	1.9070158293958701e-02	-4.6689947611132945e-02	6.5760105905091654e-02	-5.6225026758112293e-02	-1.1507283136719631e-02	1.0241924726027713e-02	3.5521958107143814e-02	2.8002903779599620e-02	7.5190543275441947e-03
138                     	2.8075441224790815e-01	1.2904085137979487e-01	1.5171356086811327e-01	1.4401698020021225e-02	-4.8724968657106751e-02	6.3126666677127977e-02	-5.5925817667117364e-02	-1.1336354744159198e-02	1.0325132314000316e-02	3.5885250159874323e-02	2.8267757393937481e-02	7.6174927659368452e-03
139                     	2.8020944428154082e-01	1.2904660476589350e-01	1.5116283951564735e-01	1.1409861666230346e-02	-5.0538792947211024e-02	6.1948654613441373e-02	-5.6243723780326202e-02	-1.1058117374876934e-02	1.0393295925077683e-02	3.5797387460025532e-02	2.8291989655090451e-02	7.5053978049350826e-03
140                     	2.7927855820398850e-01	1.2893331900073007e-01	1.5034523920325843e-01	1.0407231824250161e-02	-5.1914910998752131e-02	6.2322142823002295e-02	-5.7118526910877210e-02	-1.0705960101264188e-02	1.0397609356677710e-02	3.5222091013216238e-02	2.8008654863285829e-02	7.2134361499304103e-03
141                     	2.7819143694350468e-01	1.2875427564771419e-01	1.4943716129579049e-01	1.1713980380936616e-02	-5.2547139828188184e-02	6.4261120209124806e-02	-5.8404130018656492e-02	-1.0341442824038150e-02	1.0268242313990232e-02	3.4185123481894356e-02	2.7360804054937408e-02	6.8243194269569469e-03
142                     	2.7715036653627567e-01	1.2851839350097322e-01	1.4863197303530248e-01	1.5055791352948246e-02	-5.2524607445783925e-02	6.7580398798732177e-02	-6.0052503122258044e-02	-1.0056789767164636e-02	9.9660265086927696e-03	3.2698301540601236e-02	2.6315177278993390e-02	6.3831242616078487e-03
143                     	2.7625518190277221e-01	1.2819122960665094e-01	1.4806395229612124e-01	1.9354430243984828e-02	-5.2487046990289381e-02	7.1841477234274198e-02	-6.2164262112281793e-02	-9.9363613447351513e-03	9.5100077113629954e-03	3.0793553344584820e-02	2.4906784383655407e-02	5.8867689609294147e-03
144                     	2.7550489256924926e-01	1.2772675138448464e-01	1.4777814118476465e-01	2.4014921958449370e-02	-5.2801057376306533e-02	7.6815979334755896e-02	-6.4808518355531225e-02	-1.0025694900140009e-02	8.9488600903848779e-03	2.8623267682382814e-02	2.3260493931576282e-02	5.3627737508065302e-03
145                     	2.7491978570624093e-01	1.2718519765011646e-01	1.4773458805612447e-01	2.9169375335863609e-02	-5.3357021882480142e-02	8.2526397218343747e-02	-6.7941709550411941e-02	-1.0274695203004012e-02	8.3329018156947966e-03	2.6431543704384674e-02	2.1548673667887135e-02	4.8828700364975403e-03
146                     	2.7449725602507785e-01	1.2666885504367492e-01	1.4782840098140293e-01	3.4829892460210482e-02	-5.4057022638052316e-02	8.8886915098262798e-02	-7.1471968868157557e-02	-1.0579772968864013e-02	7.7188979012231254e-03	2.4458723352773552e-02	1.9948259577609900e-02	4.5104637751636504e-03
147                     	2.7421632969161480e-01	1.2627002987204466e-01	1.4794629981957014e-01	4.0707161019538404e-02	-5.4845835945882174e-02	9.5552996965420578e-02	-7.5199416455651369e-02	-1.0838134973762736e-02	7.1345626145734751e-03	2.2914416040828955e-02	1.8591770634987955e-02	4.3226454058410031e-03
148                     	2.7403243968451524e-01	1.2605829516916917e-01	1.4797414451534607e-01	4.6590074559527413e-02	-5.5542162916447070e-02	1.0213223747597448e-01	-7.8837200196210780e-02	-1.0957924673088449e-02	6.5624296438306128e-03	2.1903330221787278e-02	1.7514094754724253e-02	4.3892354670630263e-03
149                     	2.7395069180787457e-01	1.2608452123102726e-01	1.4786617057684728e-01	5.2162522299483115e-02	-5.6031248690990340e-02	1.0819377099047343e-01	-8.2112509840731887e-02	-1.0890824672910006e-02	5.9966909820101571e-03	2.1317601656009166e-02	1.6655491810014741e-02	4.6621098459944258e-03
150                     	2.7391974323989648e-01	1.2633496892395737e-01	1.4758477431593911e-01	5.7119153043000040e-02	-5.6314724048260115e-02	1.1343387709126017e-01	-8.4874300569760142e-02	-1.0624902695990882e-02	5.4700718818644833e-03	2.0934072310486343e-02	1.5937108037107656e-02	4.9969642733786882e-03
