# Force and moment coefficients
# dragDir               : (1.0000000000000000e+00 0.0000000000000000e+00 0.0000000000000000e+00)
# sideDir               : (0.0000000000000000e+00 1.0000000000000000e+00 0.0000000000000000e+00)
# liftDir               : (0.0000000000000000e+00 0.0000000000000000e+00 1.0000000000000000e+00)
# rollAxis              : (1.0000000000000000e+00 0.0000000000000000e+00 0.0000000000000000e+00)
# pitchAxis             : (0.0000000000000000e+00 1.0000000000000000e+00 0.0000000000000000e+00)
# yawAxis               : (0.0000000000000000e+00 0.0000000000000000e+00 1.0000000000000000e+00)
# magUInf               : 3.8889000000000003e+01
# lRef                  : 2.7861799999999999e+00
# Aref                  : 2.1699999999999999e+00
# CofR                  : (1.4000900000000001e+00 0.0000000000000000e+00 -3.1759999999999999e-01)
#
# Time                  	Cd                      	Cd(f)                   	Cd(r)                   	Cl                      	Cl(f)                   	Cl(r)                   	CmPitch                 	CmRoll                  	CmYaw                   	Cs                      	Cs(f)                   	Cs(r)                   
1                       	1.1969364927985033e+00	5.9858937729877293e-01	5.9834711549973041e-01	-6.3302192616064068e-01	-7.4276078847156507e-02	-5.5874584731348431e-01	2.4223488423316386e-01	1.2113089952125570e-04	6.4718907735238649e-03	-7.4109707240005282e-03	2.7664054115236003e-03	-1.0177376135524129e-02
2                       	6.6575652222355730e-01	3.3136641875509082e-01	3.3439010346846648e-01	-4.3295139649389974e-01	-1.9056307165291042e-01	-2.4238832484098932e-01	2.5912626594039440e-02	-1.5118423566878095e-03	4.1673033699450848e-03	2.1129313674708304e-03	5.2237690536804998e-03	-3.1108376862096698e-03
3                       	3.9476850086827903e-01	1.9515435156789854e-01	1.9961414930038052e-01	-3.3257534910014513e-01	-2.1238768883000900e-01	-1.2018766027013614e-01	-4.6100014279936437e-02	-2.2298988662409857e-03	3.9257696925413072e-03	3.8424801613357313e-03	5.8470097732091731e-03	-2.0045296118734418e-03
4                       	3.1910762673095694e-01	1.5691066066055659e-01	1.6219696607040032e-01	-3.2707059869703053e-01	-2.2877589550769262e-01	-9.8294703189337904e-02	-6.5240596159177364e-02	-2.6431527049218437e-03	4.2007781817646082e-03	4.4787028260992309e-03	6.4401295948142232e-03	-1.9614267687149928e-03
5                       	3.2086019965691648e-01	1.5715971433276410e-01	1.6370048532415238e-01	-3.5922917561178602e-01	-2.4453170792379228e-01	-1.1469746768799376e-01	-6.4917120117899269e-02	-3.2703854956941262e-03	4.6346352501044092e-03	6.0325060784671208e-03	7.6508882893379692e-03	-1.6183822108708488e-03
6                       	3.4806294607818616e-01	1.7007031679484241e-01	1.7799262928334372e-01	-3.9199089896825262e-01	-2.5543014965516186e-01	-1.3656074931309078e-01	-5.9434700171035526e-02	-3.9611562442506678e-03	5.0889918580635579e-03	7.9235555092185481e-03	9.0507696126728310e-03	-1.1272141034542841e-03
7                       	3.7874511608791706e-01	1.8485642050624451e-01	1.9388869558167252e-01	-4.1073533181528943e-01	-2.5798934828891434e-01	-1.5274598352637514e-01	-5.2621682381269595e-02	-4.5161375377140078e-03	5.5327444266164488e-03	9.5779936727843473e-03	1.0321741263008622e-02	-7.4374759022427517e-04
8                       	4.0415249598020120e-01	1.9715654735743257e-01	2.0699594862276860e-01	-4.0736109032852369e-01	-2.5214882250168213e-01	-1.5521226782684155e-01	-4.8468277337420290e-02	-4.9197006326680134e-03	5.7876952212092348e-03	1.0758248341806827e-02	1.1166819392112648e-02	-4.0857105030582042e-04
9                       	4.2210954947967183e-01	2.0597762788572990e-01	2.1613192159394196e-01	-3.8251747251888724e-01	-2.3850052176145056e-01	-1.4401695075743670e-01	-4.7241785502006924e-02	-5.0771468541060396e-03	5.8352239844427023e-03	1.1422273374951008e-02	1.1546360671918205e-02	-1.2408729696719912e-04
10                      	4.3391196518425584e-01	2.1187101225364971e-01	2.2204095293060611e-01	-3.4379465244989665e-01	-2.2108337735139555e-01	-1.2271127509850108e-01	-4.9186051126447243e-02	-5.0849703384781980e-03	5.7077202679075871e-03	1.1687185059034509e-02	1.1551312797424843e-02	1.3587226160966778e-04
11                      	4.4167690003271892e-01	2.1584213090667589e-01	2.2583476912604303e-01	-3.0040815541512661e-01	-2.0350739872692389e-01	-9.6900756688202708e-02	-5.3303321019360583e-02	-4.9963191096835616e-03	5.3939874378440807e-03	1.1569837635069359e-02	1.1178906255378760e-02	3.9093137969059891e-04
12                      	4.4615922659154700e-01	2.1820320336037369e-01	2.2795602323117331e-01	-2.6010731616993754e-01	-1.8788574844578482e-01	-7.2221567724152738e-02	-5.7832090360816032e-02	-4.8764099353998001e-03	4.9777108764361630e-03	1.1160095058506962e-02	1.0557758405689644e-02	6.0233665281731830e-04
13                      	4.4849431415945307e-01	2.1949781166031296e-01	2.2899650249914011e-01	-2.2588410451177518e-01	-1.7390222091233112e-01	-5.1981883599444043e-02	-6.0960168656443554e-02	-4.7493454194135623e-03	4.5638618762595092e-03	1.0657618498951532e-02	9.8926711257352751e-03	7.6494737321625671e-04
14                      	4.4873399486268034e-01	2.1971161218610188e-01	2.2902238267657848e-01	-2.0118808489683015e-01	-1.6245983909282208e-01	-3.8728245804008077e-02	-6.1865796644407008e-02	-4.6553852452382999e-03	4.1911391471471599e-03	1.0349321101073309e-02	9.3657996976838145e-03	9.8352140338949434e-04
15                      	4.4802056037860410e-01	2.1947989741561036e-01	2.2854066296299377e-01	-1.8439745752756251e-01	-1.5367038898496302e-01	-3.0727068542599482e-02	-6.1471660221181772e-02	-4.5303827736916987e-03	3.9590738039086640e-03	1.0125385714060039e-02	9.0217666609386828e-03	1.1036190531213560e-03
16                      	4.4717021388592476e-01	2.1917480050283189e-01	2.2799541338309290e-01	-1.7206811807324249e-01	-1.4644126752588779e-01	-2.5626850547354689e-02	-6.0407208489266555e-02	-4.4103064401304834e-03	3.9685059480224121e-03	1.0029727074348399e-02	8.9833694851966118e-03	1.0463575891517878e-03
17                      	4.4647256651180284e-01	2.1899701013460768e-01	2.2747555637719513e-01	-1.5967610443940081e-01	-1.3964686764307252e-01	-2.0029236796328304e-02	-5.9808815423372103e-02	-4.2392731212937216e-03	4.1475423878961169e-03	1.0001360062412756e-02	9.1482224191024950e-03	8.5313764331026130e-04
18                      	4.4586386988385679e-01	2.1888461244370630e-01	2.2697925744015049e-01	-1.4459095899323623e-01	-1.3240096946401633e-01	-1.2189989529219913e-02	-6.0105489967398208e-02	-4.0473224982220998e-03	4.3528258067297163e-03	1.0112011485513496e-02	9.4088315494864627e-03	7.0317993602703199e-04
19                      	4.4546675608449615e-01	2.1892728198787242e-01	2.2653947409662373e-01	-1.2613788467867948e-01	-1.2428328976669124e-01	-1.8545949119882334e-03	-6.1214347427351511e-02	-3.8060960543756604e-03	4.4521312025894945e-03	1.0183382801509438e-02	9.5438226033442118e-03	6.3956019816522507e-04
20                      	4.4569694209772237e-01	2.1934109959286441e-01	2.2635584250485796e-01	-1.0397177415448855e-01	-1.1504140603540632e-01	1.1069631880917761e-02	-6.3055518958162041e-02	-3.5073714559967764e-03	4.3582125785217758e-03	1.0216444310864204e-02	9.4664347339538778e-03	7.5000957691032696e-04
21                      	4.4605810348535313e-01	2.1973868425785395e-01	2.2631941922749921e-01	-7.8502171278591729e-02	-1.0418261530875847e-01	2.5680444030166744e-02	-6.4931529669462612e-02	-3.2903674848226323e-03	4.2191294606945626e-03	1.0338452449430567e-02	9.3883556854098462e-03	9.5009676402072114e-04
22                      	4.4616261359816012e-01	2.1985813778347918e-01	2.2630447581468091e-01	-5.2137152549354950e-02	-9.2478975283135909e-02	4.0341822733780952e-02	-6.6410399008458423e-02	-3.2231690156008506e-03	4.1194355380854567e-03	1.0737438096151537e-02	9.4881545861612258e-03	1.2492835099903123e-03
23                      	4.4583958909801474e-01	2.1958925718802566e-01	2.2625033190998908e-01	-2.7761367750117730e-02	-8.0856491817203460e-02	5.3095124067085733e-02	-6.6975807942144597e-02	-3.3305373609817264e-03	4.1442321908389691e-03	1.1417172395949301e-02	9.8528183888136195e-03	1.5643540071356816e-03
24                      	4.4501219126018066e-01	2.1898413272518558e-01	2.2602805853499511e-01	-3.9437486009664255e-03	-6.8786737196377457e-02	6.4842988595411016e-02	-6.6814862895894236e-02	-3.5219629049047796e-03	4.3488172809482157e-03	1.2550042702141129e-02	1.0623838632018781e-02	1.9262040701223491e-03
25                      	4.4418988146002925e-01	2.1819555028581797e-01	2.2599433117421125e-01	1.7878121238435147e-02	-5.7667129813087865e-02	7.5545251051523002e-02	-6.6606190432305437e-02	-3.8993904441966330e-03	4.8862711641603097e-03	1.4587379413292188e-02	1.2179960870806405e-02	2.4074185424857847e-03
26                      	4.4388570185123644e-01	2.1748345885311379e-01	2.2640224299812262e-01	3.6390806798788367e-02	-4.8579461384069558e-02	8.4970268182857939e-02	-6.6774864783463742e-02	-4.4593920725044178e-03	5.6756670510859789e-03	1.7215295486606504e-02	1.4283314794389232e-02	2.9319806922172733e-03
27                      	4.4386121646228816e-01	2.1678796196046413e-01	2.2707325450182403e-01	5.0777864503545170e-02	-4.2067361525631453e-02	9.2845226029176622e-02	-6.7456293777404044e-02	-5.1426462706799566e-03	6.5528964912416904e-03	1.9760111356233720e-02	1.6432952169358552e-02	3.3271591868751695e-03
28                      	4.4396992006066666e-01	2.1619156809505238e-01	2.2777835196561427e-01	5.8844511690704815e-02	-3.9545836217100380e-02	9.8390347907805195e-02	-6.8968092062452788e-02	-5.7933919352809527e-03	7.3564657135755948e-03	2.1631399530341589e-02	1.8172165478746390e-02	3.4592340515951997e-03
29                      	4.4415218104159365e-01	2.1576796542479043e-01	2.2838421561680322e-01	5.9549842018043572e-02	-4.1242365561525163e-02	1.0079220757956875e-01	-7.1017286570546956e-02	-6.3081250960063907e-03	7.9250766891877603e-03	2.2594159965742197e-02	1.9222156672058861e-02	3.3720032936833378e-03
30                      	4.4411543210244570e-01	2.1551013968343560e-01	2.2860529241901012e-01	5.6508383933372118e-02	-4.4923149315734948e-02	1.0143153324910706e-01	-7.3177341282421010e-02	-6.5475763677872610e-03	7.9797746004696829e-03	2.2372591876210046e-02	1.9166070538574706e-02	3.2065213376353411e-03
31                      	4.4360283038231496e-01	2.1519165778838856e-01	2.2841117259392640e-01	5.2613165833187807e-02	-4.7981766364571417e-02	1.0059493219775922e-01	-7.4288349281165317e-02	-6.6097574027689119e-03	7.5563525667069727e-03	2.1340442994316297e-02	1.8226574063865120e-02	3.1138689304511767e-03
32                      	4.4266850456975088e-01	2.1466563751359047e-01	2.2800286705616041e-01	4.7613403074483834e-02	-5.0256514358385455e-02	9.7869917432869283e-02	-7.4063215895627366e-02	-6.6686147712849602e-03	6.8800794625677661e-03	1.9878905892774149e-02	1.6819532408954840e-02	3.0593734838193086e-03
33                      	4.4127929887527623e-01	2.1389560333320767e-01	2.2738369554206853e-01	4.2221847449302088e-02	-5.1505811509135656e-02	9.3727658958437751e-02	-7.2616735233786700e-02	-6.7440461044304427e-03	5.9951058454702595e-03	1.8220424257905404e-02	1.5105317974422961e-02	3.1151062834824422e-03
34                      	4.3937860082647145e-01	2.1292650567218777e-01	2.2645209515428369e-01	3.9238014441203714e-02	-5.0876722694728718e-02	9.0114737135932446e-02	-7.0495729915330582e-02	-6.7627947410479651e-03	4.9948261052209621e-03	1.6276979185858315e-02	1.3133315698150121e-02	3.1436634877081960e-03
35                      	4.3757731769241165e-01	2.1220212519488796e-01	2.2537519249752366e-01	3.9627917216010174e-02	-4.8610252970236835e-02	8.8238170186247009e-02	-6.8424211578241925e-02	-6.5865336513178403e-03	3.9995371766337945e-03	1.4141330728355581e-02	1.1070202540811586e-02	3.0711281875439962e-03
36                      	4.3621370278156141e-01	2.1197343490883425e-01	2.2424026787272713e-01	4.0359184103716382e-02	-4.6261435550514624e-02	8.6620619654231013e-02	-6.6441027602372818e-02	-6.1334164819464342e-03	2.9854279921861697e-03	1.2377040320108950e-02	9.1739481522406467e-03	3.2030921678683059e-03
37                      	4.3561559823705731e-01	2.1209981003200981e-01	2.2351578820504753e-01	4.0015104601882366e-02	-4.4661264910598089e-02	8.4676369512480448e-02	-6.4668817211539276e-02	-5.7079890865188538e-03	2.1797738907315218e-03	1.1458113749746991e-02	7.9088307656050173e-03	3.5492829841419736e-03
38                      	4.3606009013773789e-01	2.1242265950350447e-01	2.2363743063423341e-01	3.9171584550477291e-02	-4.4073821095988841e-02	8.3245405646466139e-02	-6.3659613371227497e-02	-5.6073855653644544e-03	1.8550005917374376e-03	1.1788677230620799e-02	7.7493392070478381e-03	4.0393380235729621e-03
39                      	4.3722972513467817e-01	2.1280760385031205e-01	2.2442212128436614e-01	3.7331872184739573e-02	-4.5219703327971740e-02	8.2551575512711306e-02	-6.3885639420341520e-02	-5.8072587170270359e-03	2.2245526183339048e-03	1.2872840597534215e-02	8.6609729171010126e-03	4.2118676804332031e-03
40                      	4.3844596105458722e-01	2.1322746942538470e-01	2.2521849162920249e-01	3.5260356676795522e-02	-4.7494508012458386e-02	8.2754864689253915e-02	-6.5124686350856151e-02	-5.9955111019088965e-03	2.8450036437154542e-03	1.3954742612752216e-02	9.8223749500915628e-03	4.1323676626606543e-03
41                      	4.3841165885287886e-01	2.1310813019361366e-01	2.2530352865926517e-01	3.4756298769544246e-02	-5.0554265153680431e-02	8.5310563923224669e-02	-6.7932414538452543e-02	-6.0976992328257620e-03	3.4925915039964888e-03	1.4828845135907596e-02	1.0907014071950287e-02	3.9218310639573088e-03
42                      	4.3652532587726589e-01	2.1207022167495945e-01	2.2445510420230641e-01	3.6709446767179348e-02	-5.3048351316009441e-02	8.9757798083188789e-02	-7.1403074699599112e-02	-6.1924412636734580e-03	4.1795407768462772e-03	1.5483206798829545e-02	1.1921144176261051e-02	3.5620626225684954e-03
43                      	4.3291929337061746e-01	2.0993491546317330e-01	2.2298437790744416e-01	3.9758683530806332e-02	-5.5010393737455976e-02	9.4769077268262295e-02	-7.4889735502859128e-02	-6.5247312221354253e-03	4.8403886455831695e-03	1.6096364573277556e-02	1.2888570932221947e-02	3.2077936410556075e-03
44                      	4.2822444679982241e-01	2.0701685798033517e-01	2.2120758881948724e-01	4.3366017979325482e-02	-5.5819428756312697e-02	9.9185446735638172e-02	-7.7502437745975428e-02	-7.0953654195760251e-03	5.3843478279884368e-03	1.6776342781689057e-02	1.3772519218832968e-02	3.0038235628560925e-03
45                      	4.2290931576020102e-01	2.0375764629343213e-01	2.1915166946676889e-01	4.7658591418780989e-02	-5.3982402001029418e-02	1.0164099341981041e-01	-7.7811697710419916e-02	-7.6970115866683972e-03	5.6583964037474144e-03	1.7354660118640591e-02	1.4335726463067709e-02	3.0189336555728804e-03
46                      	4.1758556061405783e-01	2.0063667117651043e-01	2.1694888943754739e-01	5.3462537075866949e-02	-4.8842760083820970e-02	1.0230529715968793e-01	-7.5574028621754455e-02	-8.1561091305184848e-03	5.4403813068921447e-03	1.7593643855249839e-02	1.4237203234517064e-02	3.3564406207327751e-03
47                      	4.1254320730004018e-01	1.9786910252727796e-01	2.1467410477276222e-01	5.8196081172951879e-02	-4.2979176729946889e-02	1.0117525790289877e-01	-7.2077217316422831e-02	-8.4025011227421408e-03	4.6277710698062096e-03	1.7079479782392767e-02	1.3167510961002596e-02	3.9119688213901738e-03
48                      	4.0823729962450256e-01	1.9558972719884024e-01	2.1264757242566235e-01	5.7807815835962922e-02	-3.9118326700965232e-02	9.6926142536928162e-02	-6.8022234618946686e-02	-8.5289226134110576e-03	3.6355125948874020e-03	1.6270162773067792e-02	1.1770593981421298e-02	4.4995687916464938e-03
49                      	4.0442006272863551e-01	1.9356027955280247e-01	2.1085978317583304e-01	5.1389480971744991e-02	-3.7189850088575317e-02	8.8579331060320302e-02	-6.2884590574447813e-02	-8.6497518115152949e-03	2.9389794435063562e-03	1.6259378992753971e-02	1.1068668939883340e-02	5.1907100528706292e-03
50                      	4.0112408779400777e-01	1.9182463013244219e-01	2.0929945766156557e-01	4.0672256082119704e-02	-3.6257724269797939e-02	7.6929980351917643e-02	-5.6593852310857791e-02	-8.7374137645616894e-03	2.4712169431092357e-03	1.7035997428882881e-02	1.0989215657550677e-02	6.0467817713322040e-03
51                      	3.9866003918222381e-01	1.9053223028785210e-01	2.0812780889437171e-01	2.7982925330872356e-02	-3.5834913182535351e-02	6.3817838513407707e-02	-4.9826375847971532e-02	-8.7977893032598151e-03	2.0266195766626984e-03	1.8067834161780916e-02	1.1060536657553157e-02	7.0072975042277602e-03
52                      	3.9645928212489628e-01	1.8934915521493312e-01	2.0711012690996317e-01	1.5523477114218556e-02	-3.5533886626665900e-02	5.1057363740884459e-02	-4.3295625183775180e-02	-8.8804858475150152e-03	1.4842564350278436e-03	1.8721016084896718e-02	1.0844764477476202e-02	7.8762516074205157e-03
53                      	3.9387656689495137e-01	1.8802451348439281e-01	2.0585205341055857e-01	4.6282587577887368e-03	-3.4895542430332792e-02	3.9523801188121530e-02	-3.7209671809227164e-02	-8.9137699630828637e-03	6.6222197970896342e-04	1.8731341757681541e-02	1.0027892858549733e-02	8.7034488991318080e-03
54                      	3.9081381814621624e-01	1.8658652086508931e-01	2.0422729728112693e-01	-4.5669696119853952e-03	-3.4118900713377698e-02	2.9551931101392294e-02	-3.1835415907384992e-02	-8.8203882080188072e-03	-3.5640574344417955e-04	1.7973552075755333e-02	8.6303702944334863e-03	9.3431817813218448e-03
55                      	3.8773136541285030e-01	1.8530419273175305e-01	2.0242717268109728e-01	-1.1392935974448975e-02	-3.3271591475430309e-02	2.1878655500981333e-02	-2.7575123488205820e-02	-8.5614899746721210e-03	-1.3306609537374634e-03	1.6756304931882619e-02	7.0474915122038474e-03	9.7088134196787728e-03
56                      	3.8500205983421720e-01	1.8422338121031503e-01	2.0077867862390220e-01	-1.5485890682120265e-02	-3.2912116785829185e-02	1.7426226103708916e-02	-2.5169171444769049e-02	-8.2776487067935944e-03	-2.0152525698549670e-03	1.5778926662947401e-02	5.8742107616187337e-03	9.9047159013286659e-03
57                      	3.8251445967887687e-01	1.8317762519827763e-01	1.9933683448059922e-01	-1.8276492412252748e-02	-3.3382522188438596e-02	1.5106029776185845e-02	-2.4244275982312220e-02	-8.0796046411607970e-03	-2.2766364351861335e-03	1.5233741551178504e-02	5.3402343404031181e-03	9.8935072107753860e-03
58                      	3.7997046551321939e-01	1.8209133229038696e-01	1.9787913322283243e-01	-2.0757364409862145e-02	-3.5085058487910506e-02	1.4327694078048365e-02	-2.4706376282979437e-02	-7.8939004662227485e-03	-2.0351718922685192e-03	1.5002900440144337e-02	5.4662783278036494e-03	9.5366221123406869e-03
59                      	3.7748937744019972e-01	1.8112426470721685e-01	1.9636511273298290e-01	-2.2766615704210024e-02	-3.7698301276712136e-02	1.4931685572502112e-02	-2.6314993424607122e-02	-7.6204240128830338e-03	-1.4176911856525673e-03	1.4912193293064504e-02	6.0384054608796844e-03	8.8737878321848204e-03
60                      	3.7494798832616288e-01	1.8018649729395836e-01	1.9476149103220453e-01	-2.3456514432540019e-02	-4.0669626669136177e-02	1.7213112236596158e-02	-2.8941369452866170e-02	-7.2874968691230948e-03	-7.7789611306108527e-04	1.4813136463291276e-02	6.6286721185845532e-03	8.1844643447067222e-03
61                      	3.7209108446795930e-01	1.7911432221949106e-01	1.9297676224846824e-01	-2.1455003700276851e-02	-4.3293814522768155e-02	2.1838810822491304e-02	-3.2566312672629730e-02	-6.9312200144885771e-03	-4.2988614905556177e-04	1.4571070186177475e-02	6.8556489440331761e-03	7.7154212421442995e-03
62                      	3.6909438568701941e-01	1.7819472447252441e-01	1.9089966121449503e-01	-1.8395798994769515e-02	-4.5490658537456742e-02	2.7094859542687227e-02	-3.6292759040071981e-02	-6.3524683709853241e-03	-5.2105465206230613e-04	1.3842175841351809e-02	6.4000332686135987e-03	7.4421425727382107e-03
63                      	3.6652033687907248e-01	1.7764614781345686e-01	1.8887418906561565e-01	-1.5580198140435797e-02	-4.7587595349095263e-02	3.2007397208659472e-02	-3.9797496278877367e-02	-5.6140206260793914e-03	-9.0978899718710201e-04	1.2860779538817497e-02	5.5206007722216465e-03	7.3401787665958503e-03
64                      	3.6449608854010879e-01	1.7736833782505049e-01	1.8712775071505830e-01	-1.3336956842501862e-02	-4.9701084247403382e-02	3.6364127404901525e-02	-4.3032605826152454e-02	-4.8797064450039063e-03	-1.2714859491861493e-03	1.1799481091845939e-02	4.6282545967368206e-03	7.1712264951091188e-03
65                      	3.6291221999881679e-01	1.7713878834723190e-01	1.8577343165158491e-01	-1.0136508593487829e-02	-5.1099360471083863e-02	4.0962851877596032e-02	-4.6031106174339947e-02	-4.3173216521764932e-03	-1.4353040594720047e-03	1.0577250992517755e-02	3.8533214367868721e-03	6.7239295557308823e-03
66                      	3.6161901070457370e-01	1.7684330304330248e-01	1.8477570766127122e-01	-4.7432241070571902e-03	-5.1358458184962166e-02	4.6615234077904980e-02	-4.8986846131433573e-02	-3.9662023089843844e-03	-1.3641661869667741e-03	9.2836446916036396e-03	3.2776561588350453e-03	6.0059885327685934e-03
67                      	3.6073910358626776e-01	1.7658456384861429e-01	1.8415453973765350e-01	3.1619737113976988e-03	-4.9941254571148286e-02	5.3103228282545982e-02	-5.1522241426847137e-02	-3.7849879445196002e-03	-1.0307543982640091e-03	8.1294292919223497e-03	3.0339602476971658e-03	5.0954690442251835e-03
68                      	3.6017362011087761e-01	1.7636705077469148e-01	1.8380656933618617e-01	1.2507756910893727e-02	-4.7275679159234640e-02	5.9783436070128364e-02	-5.3529557614681506e-02	-3.7197592807473629e-03	-5.0148082374131377e-04	7.2307194972962997e-03	3.1138789249068361e-03	4.1168405723894632e-03
69                      	3.5979519365261664e-01	1.7616261860027771e-01	1.8363257505233890e-01	2.1900781760695483e-02	-4.4406627670175045e-02	6.6307409430870531e-02	-5.5357018550522788e-02	-3.7349782260305956e-03	3.8530633730354623e-05	6.6771017432326408e-03	3.3770815053466748e-03	3.3000202378859660e-03
70                      	3.5920580109657363e-01	1.7579341811436183e-01	1.8341238298221182e-01	3.0409382800729232e-02	-4.1994009756639777e-02	7.2403392557369009e-02	-5.7198701157004386e-02	-3.8094824339250130e-03	3.6584224482345173e-04	6.5315938468025903e-03	3.6316391682247469e-03	2.8999546785778434e-03
71                      	3.5848496210064129e-01	1.7542490083816184e-01	1.8306006126247945e-01	3.7306972682957060e-02	-4.0267404994741657e-02	7.7574377677698717e-02	-5.8920891336220187e-02	-3.8175802121588028e-03	4.9365265199298610e-04	6.6816640565835047e-03	3.8344846802847382e-03	2.8471793762987665e-03
72                      	3.5812724790784201e-01	1.7540502187171614e-01	1.8272222603612587e-01	4.1834004318256630e-02	-3.9926111680727953e-02	8.1760115998984598e-02	-6.0843113839856272e-02	-3.6586020822048618e-03	5.4313700384805042e-04	6.9941551632998582e-03	4.0402145854979803e-03	2.9539405778018788e-03
73                      	3.5807266418356554e-01	1.7562024412074123e-01	1.8245242006282428e-01	4.5693837833878689e-02	-4.0358094216831758e-02	8.6051932050710447e-02	-6.3205013133771096e-02	-3.4160879710415050e-03	5.4644764203610411e-04	7.2555468377077641e-03	4.1742210608899863e-03	3.0813257768177783e-03
74                      	3.5787853640426914e-01	1.7569490971473389e-01	1.8218362668953525e-01	5.1155699117901368e-02	-4.0546444521537953e-02	9.1702143639439321e-02	-6.6124294080488630e-02	-3.2443584874006976e-03	4.7401381946970684e-04	7.5234615204053000e-03	4.2357445796723566e-03	3.2877169407329429e-03
75                      	3.5706835987078167e-01	1.7534384683339244e-01	1.8172451303738921e-01	5.8654736827619604e-02	-4.0585442679119628e-02	9.9240179506739232e-02	-6.9912811092929433e-02	-3.1903331019983903e-03	4.0312131290944758e-04	7.8937596375152526e-03	4.3500011316670740e-03	3.5437585058481790e-03
76                      	3.5496373985495283e-01	1.7422273771556057e-01	1.8074100213939226e-01	6.7527556783526121e-02	-4.0799261272599689e-02	1.0832681805612580e-01	-7.4563039664362743e-02	-3.2591322119158508e-03	3.7752575058402367e-04	8.3540270797912673e-03	4.5545392904796575e-03	3.7994877893116103e-03
77                      	3.5123937080195161e-01	1.7228799425272801e-01	1.7895137654922361e-01	7.7503125780748736e-02	-4.0636668426050557e-02	1.1813979420679931e-01	-7.9388231316424931e-02	-3.3316911482477924e-03	4.7980175610584273e-04	8.6891370233714519e-03	4.8243702677915690e-03	3.8647667555798833e-03
78                      	3.4602970745539130e-01	1.6971412272874795e-01	1.7631558472664338e-01	8.7376347497485352e-02	-3.9780151367700967e-02	1.2715649886518632e-01	-8.3468325116443642e-02	-3.3007309989477197e-03	7.4153314618933381e-04	8.5713672834242596e-03	5.0272167879014630e-03	3.5441504955227954e-03
79                      	3.4011340107456350e-01	1.6688001178176651e-01	1.7323338929279700e-01	9.5703114838036799e-02	-3.8244118425244923e-02	1.3394723326328170e-01	-8.6095675844263322e-02	-3.1766887555152311e-03	1.1277844838325460e-03	8.0950204085846345e-03	5.1752946881248631e-03	2.9197257204597715e-03
80                      	3.3448967135978824e-01	1.6425773504500490e-01	1.7023193631478334e-01	1.0241706143326661e-01	-3.5467580951035339e-02	1.3788464238430195e-01	-8.6676111667668643e-02	-2.9871006348892387e-03	1.5509504746445985e-03	7.4753186577873887e-03	5.2886098035382929e-03	2.1867088542490958e-03
81                      	3.2976165241512179e-01	1.6208615835523932e-01	1.6767549405988247e-01	1.0757432421059121e-01	-3.1576460532859528e-02	1.3915078474345074e-01	-8.5363622638155140e-02	-2.7946678523215647e-03	2.0042118174826151e-03	6.7784845544408895e-03	5.3934540947030594e-03	1.3850304597378294e-03
82                      	3.2619919688737586e-01	1.6041223130167939e-01	1.6578696558569644e-01	1.1041824613061473e-01	-2.7435418591542558e-02	1.3785366472215729e-01	-8.2644541656849924e-02	-2.6873671420085486e-03	2.4411664056931039e-03	6.1701128844193270e-03	5.5262228479027670e-03	6.4389003651655957e-04
83                      	3.2363198489548300e-01	1.5913705180931373e-01	1.6449493308616928e-01	1.1026614644250197e-01	-2.4182609064874575e-02	1.3444875550737653e-01	-7.9315682286125566e-02	-2.6789406384277801e-03	2.7424305843256292e-03	5.8056176912560913e-03	5.6452394299536749e-03	1.6037826130241612e-04
84                      	3.2183308363937702e-01	1.5818411347300088e-01	1.6364897016637617e-01	1.0741849249981306e-01	-2.2090793199995309e-02	1.2950928569980835e-01	-7.5800039449901838e-02	-2.7324283466876394e-03	2.8445957669307842e-03	5.7040216366414159e-03	5.6966065852514930e-03	7.4150513899238200e-06
85                      	3.2076675633118978e-01	1.5758315330878325e-01	1.6318360302240653e-01	1.0265230407896336e-01	-2.0996560493438517e-02	1.2364886457240190e-01	-7.2322712532920205e-02	-2.8002248568116572e-03	2.7289162684531448e-03	5.8206735996227084e-03	5.6392530682644985e-03	1.8142053135820939e-04
86                      	3.2030340118240108e-01	1.5730712714783446e-01	1.6299627403456665e-01	9.8049662046803293e-02	-1.9892714681897294e-02	1.1794237672870059e-01	-6.8917545705298941e-02	-2.8445734433661060e-03	2.3084764761270448e-03	6.2239183935027557e-03	5.4204356728784226e-03	8.0348272062433289e-04
87                      	3.1999292512493238e-01	1.5712728357747924e-01	1.6286564154745314e-01	9.4906502260206388e-02	-1.8100527630260689e-02	1.1300702989046708e-01	-6.5553778760363890e-02	-2.8691789849869575e-03	1.6642842418084151e-03	6.7666122947754462e-03	5.0475903891961382e-03	1.7190219055793078e-03
88                      	3.1937146023396301e-01	1.5682056520097867e-01	1.6255089503298437e-01	9.3331275272636779e-02	-1.5448321388518996e-02	1.0877959666115578e-01	-6.2113959024837385e-02	-2.8651649160028503e-03	9.7140812596119579e-04	7.1935447755381871e-03	4.5681805137302899e-03	2.6253642618078981e-03
89                      	3.1830218052869819e-01	1.5633414260267628e-01	1.6196803792602193e-01	9.2496339119149174e-02	-1.2343002507248922e-02	1.0483934162639810e-01	-5.8591172066823509e-02	-2.8169476616728317e-03	3.8702284645296826e-04	7.3102614935434485e-03	4.0421535932246930e-03	3.2681079003187559e-03
90                      	3.1695424512240067e-01	1.5574065287618738e-01	1.6121359224621326e-01	9.0870712308563209e-02	-9.8235829986104348e-03	1.0069429530717364e-01	-5.5258939152892039e-02	-2.7364696850129340e-03	-5.9264804897344786e-05	7.1094986126206423e-03	3.4954845014129763e-03	3.6140141112076659e-03
91                      	3.1550028897619392e-01	1.5503839850242057e-01	1.6046189047377332e-01	8.6700830228737771e-02	-9.0872135050562089e-03	9.5788043733793987e-02	-5.2437628619425095e-02	-2.7117459856763827e-03	-3.9845313570753646e-04	6.6955212177282203e-03	2.9493074731565742e-03	3.7462137445716465e-03
92                      	3.1390254078687457e-01	1.5409971861212390e-01	1.5980282217475067e-01	7.9730011457326375e-02	-1.0553616806632924e-02	9.0283628263959304e-02	-5.0418622535296109e-02	-2.8515517813133911e-03	-6.3442015818782028e-04	6.1539347068122457e-03	2.4425471952183027e-03	3.7113875115939430e-03
93                      	3.1221564481366304e-01	1.5296975012459682e-01	1.5924589468906622e-01	7.1344421297124275e-02	-1.3578641740535502e-02	8.4923063037659771e-02	-4.9250852389097641e-02	-3.1380722822346926e-03	-7.2981026573063726e-04	5.5450976681369144e-03	2.0427385683378205e-03	3.5023590997990944e-03
94                      	3.1032726702473001e-01	1.5167203083728381e-01	1.5865523618744623e-01	6.2513140468198794e-02	-1.7642715706750751e-02	8.0155856174949552e-02	-4.8899285940850155e-02	-3.4916026750811996e-03	-6.7465159758708839e-04	5.1436355408726710e-03	1.8971661728492467e-03	3.2464693680234239e-03
95                      	3.0825479611775136e-01	1.5029368023544798e-01	1.5796111588230338e-01	5.4062805200948069e-02	-2.2400236645451405e-02	7.6463041846399460e-02	-4.9431639245925439e-02	-3.8337178234277053e-03	-4.8210802575647532e-04	5.1184974180119910e-03	2.0771406832495202e-03	3.0413567347624712e-03
96                      	3.0600029901430348e-01	1.4878283210730806e-01	1.5721746690699542e-01	4.6621135826485194e-02	-2.7712059642527077e-02	7.4333195469012264e-02	-5.1022627555769674e-02	-4.2173173998436920e-03	-2.2215497227113758e-04	5.5973281686143347e-03	2.5765091120360296e-03	3.0208190565783046e-03
97                      	3.0352451403324487e-01	1.4705289025451798e-01	1.5647162377872692e-01	4.1092827934413531e-02	-3.2872628074481464e-02	7.3965456008894995e-02	-5.3419042041688229e-02	-4.7093667621044520e-03	6.8855727155557966e-05	6.7171760173514328e-03	3.4274437358312745e-03	3.2897322815201584e-03
98                      	3.0080331710339542e-01	1.4510367804088800e-01	1.5569963906250742e-01	3.8287398172037773e-02	-3.7111809175143819e-02	7.5399207347181585e-02	-5.6255508261162705e-02	-5.2979805108097234e-03	3.6989494747397792e-04	8.3921414042646223e-03	4.5659656496062897e-03	3.8261757546583326e-03
99                      	2.9797622288191844e-01	1.4311076976004333e-01	1.5486545312187514e-01	3.8719464447881095e-02	-3.9599965555571506e-02	7.8319430003452595e-02	-5.8959697779512051e-02	-5.8773416809159082e-03	7.1594271581819509e-04	1.0312938972745380e-02	5.8724122021908852e-03	4.4405267705544954e-03
100                     	2.9532165763883050e-01	1.4135187650454986e-01	1.5396978113428061e-01	4.2169778330793217e-02	-3.9913411089736936e-02	8.2083189420530153e-02	-6.0998300255133545e-02	-6.3089523148653903e-03	1.1571244207677208e-03	1.2158596704377777e-02	7.2364227729566095e-03	4.9221739314211678e-03
101                     	2.9298061006530374e-01	1.3998651214830113e-01	1.5299409791700261e-01	4.8108199097255139e-02	-3.8253796218611545e-02	8.6361995315866677e-02	-6.2307895767239108e-02	-6.5037928843507372e-03	1.7625916313672128e-03	1.3756768333676367e-02	8.6409757982053963e-03	5.1157925354709706e-03
102                     	2.9102583674972254e-01	1.3906244452866864e-01	1.5196339222105387e-01	5.5589942187361810e-02	-3.5581028136476289e-02	9.1170970323838099e-02	-6.3375999230157187e-02	-6.4504738461926246e-03	2.5676732492629743e-03	1.5057359284237260e-02	1.0096352891381605e-02	4.9610063928556556e-03
103                     	2.8953585278091093e-01	1.3854271912655644e-01	1.5099313365435449e-01	6.3140429349670138e-02	-3.2972385257262218e-02	9.6112814606932356e-02	-6.4542599932097294e-02	-6.2252072638990267e-03	3.5820387595330498e-03	1.6105215728591804e-02	1.1634646623828952e-02	4.4705691047628527e-03
104                     	2.8858309342453503e-01	1.3835163835209127e-01	1.5023145507244373e-01	7.0089649407787460e-02	-3.0813914721013705e-02	1.0090356412880117e-01	-6.5858739424907442e-02	-5.9399083601762419e-03	4.6744574690491814e-03	1.7068415484046594e-02	1.3208665211072479e-02	3.8597502729741163e-03
105                     	2.8807629628204018e-01	1.3835775546750451e-01	1.4971854081453570e-01	7.6275079152691244e-02	-2.9157178455472957e-02	1.0543225760816420e-01	-6.7294718031818579e-02	-5.6803926735156012e-03	5.6953211162870448e-03	1.7994924119800741e-02	1.4692783176187416e-02	3.3021409436133266e-03
106                     	2.8794689072707919e-01	1.3850695943863506e-01	1.4943993128844416e-01	8.1698956146092891e-02	-2.7795735221004085e-02	1.0949469136709698e-01	-6.8645213294050531e-02	-5.4664859249045376e-03	6.5256498663576043e-03	1.8848303106295095e-02	1.5949801419505152e-02	2.8985016867899443e-03
107                     	2.8810303199231863e-01	1.3875995174298650e-01	1.4934308024933213e-01	8.5667347020399562e-02	-2.6936097606561057e-02	1.1260344462696062e-01	-6.9769771116760831e-02	-5.2915642531728181e-03	7.0715334246325440e-03	1.9614641837613599e-02	1.6878854343439345e-02	2.7357874941742544e-03
108                     	2.8835312862980383e-01	1.3900391334134604e-01	1.4934921528845782e-01	8.7467342962456590e-02	-2.6893377758807135e-02	1.1436072072126373e-01	-7.0627049240035433e-02	-5.1726509735559043e-03	7.2578282848750368e-03	2.0434706253690631e-02	1.7475181411720352e-02	2.9595248419702798e-03
109                     	2.8853996181294689e-01	1.3914768551246975e-01	1.4939227630047713e-01	8.7158194252213689e-02	-2.7601373263038180e-02	1.1475956751525186e-01	-7.1180470389145017e-02	-5.1222953940037036e-03	7.0460668233499370e-03	2.1400586779905625e-02	1.7746360213302750e-02	3.6542265666028766e-03
110                     	2.8853034514162873e-01	1.3914922472068084e-01	1.4938112042094789e-01	8.5175582029475991e-02	-2.8753598422483831e-02	1.1392918045195981e-01	-7.1341389437221819e-02	-5.1159478501335330e-03	6.4470213735969588e-03	2.2424955622955774e-02	1.7659499185074846e-02	4.7654564378809289e-03
111                     	2.8825894403448615e-01	1.3901398815004903e-01	1.4924495588443709e-01	8.1730657052099309e-02	-3.0222424360032401e-02	1.1195308141213171e-01	-7.1087752886082059e-02	-5.1154838671940159e-03	5.5196349126266694e-03	2.3326084144158658e-02	1.7182676984705998e-02	6.1434071594526594e-03
112                     	2.8779121516200573e-01	1.3874694473346685e-01	1.4904427042853888e-01	7.7239463480247558e-02	-3.1825043795764771e-02	1.0906450727601233e-01	-7.0444775535888543e-02	-5.1486628475360284e-03	4.3849875430421537e-03	2.3953102633979290e-02	1.6361538860031798e-02	7.5915637739474911e-03
113                     	2.8711835124083357e-01	1.3826715045173951e-01	1.4885120078909408e-01	7.2662478371753214e-02	-3.3285117664194903e-02	1.0594759603594811e-01	-6.9616356850071517e-02	-5.2920251686772810e-03	3.1616752455210125e-03	2.4169066033855789e-02	1.5246208262448907e-02	8.9228577714068821e-03
114                     	2.8616060314824204e-01	1.3751585243178691e-01	1.4864475071645514e-01	6.9237728967748213e-02	-3.4192215491383071e-02	1.0342994445913127e-01	-6.8811079975257178e-02	-5.5644491423341262e-03	1.9774966312862772e-03	2.3844396016458810e-02	1.3899694639515681e-02	9.9447013769431280e-03
115                     	2.8492546708429173e-01	1.3656021279701497e-01	1.4836525428727676e-01	6.7361634534821968e-02	-3.4259083551394384e-02	1.0162071808621634e-01	-6.7939900818805368e-02	-5.9025207451308950e-03	9.4053800289115171e-04	2.2862443774955325e-02	1.2371759890368813e-02	1.0490683884586511e-02
116                     	2.8346729146614114e-01	1.3551427815081188e-01	1.4795301331532928e-01	6.6130393940467491e-02	-3.3984339868342019e-02	1.0011473380880950e-01	-6.7049536838575771e-02	-6.2193675822587030e-03	8.8360654676148201e-05	2.1324862461986383e-02	1.0750791885669341e-02	1.0574070576317044e-02
117                     	2.8195134658579402e-01	1.3448882338003107e-01	1.4746252320576295e-01	6.4921273661872045e-02	-3.3663672787386981e-02	9.8584946449259026e-02	-6.6124309618323010e-02	-6.4868499128659489e-03	-5.9867064033920683e-04	1.9505233279823331e-02	9.1539459995724579e-03	1.0351287280250874e-02
118                     	2.8052503112594057e-01	1.3355158959188623e-01	1.4697344153405434e-01	6.3616996772686493e-02	-3.3397737136346792e-02	9.7014733909033271e-02	-6.5206235522690031e-02	-6.7109259710840590e-03	-1.1850869306459543e-03	1.7726977953853831e-02	7.6784020462809608e-03	1.0048575907572870e-02
119                     	2.7933535886134675e-01	1.3279568576124298e-01	1.4653967310010377e-01	6.2023641558138526e-02	-3.3426805309692761e-02	9.5450446867831287e-02	-6.4438626088762024e-02	-6.8719936694304016e-03	-1.7651936939468021e-03	1.6259716673949577e-02	6.3646646430279867e-03	9.8950520309215896e-03
120                     	2.7859900060492315e-01	1.3233640410704997e-01	1.4626259649787318e-01	5.9927128180158121e-02	-3.3882354203222928e-02	9.3809482383381049e-02	-6.3845918293301995e-02	-6.9630961954116116e-03	-2.4430388585079759e-03	1.5261026187030045e-02	5.1874742350070460e-03	1.0073551952022999e-02
121                     	2.7847582747860311e-01	1.3222190787720242e-01	1.4625391960140066e-01	5.7682299817398759e-02	-3.4415970368830158e-02	9.2098270186228917e-02	-6.3257120277529541e-02	-7.0160058620991200e-03	-3.2823145344221820e-03	1.4812948078065193e-02	4.1241595046104139e-03	1.0688788573454778e-02
122                     	2.7895301059065403e-01	1.3244190334005856e-01	1.4651110725059546e-01	5.5663607996293246e-02	-3.4821673244920026e-02	9.0485281241213258e-02	-6.2653477243066649e-02	-7.0346019552684448e-03	-4.2160725208286723e-03	1.4765238435556185e-02	3.1665466969494202e-03	1.1598691738606764e-02
123                     	2.7997068837118833e-01	1.3296265248917205e-01	1.4700803588201630e-01	5.3500945084365197e-02	-3.5464949499114815e-02	8.8965894583480004e-02	-6.2215422041297409e-02	-7.0226916964221155e-03	-5.1303788138407722e-03	1.4825256031641821e-02	2.2822492019801380e-03	1.2543006829661682e-02
124                     	2.8147353872979131e-01	1.3374151360676192e-01	1.4773202512302938e-01	5.0854536222485154e-02	-3.6714251544334137e-02	8.7568787766819298e-02	-6.2141519655576710e-02	-6.9952557581337308e-03	-5.9069260454644740e-03	1.4697659279402664e-02	1.4419035942368581e-03	1.3255755685165807e-02
125                     	2.8333343788947529e-01	1.3468278903780795e-01	1.4865064885166734e-01	4.7729559817153475e-02	-3.8749885821708199e-02	8.6479445638861674e-02	-6.2614665730284944e-02	-6.9839299069296909e-03	-6.5026980724207034e-03	1.4182053758875887e-02	5.8832880701723954e-04	1.3593724951858647e-02
126                     	2.8534924591471145e-01	1.3565547400732689e-01	1.4969377190738459e-01	4.4366437728616391e-02	-4.1639928622338368e-02	8.6006366350954766e-02	-6.3823147486646567e-02	-7.0191489500288388e-03	-6.9590102354895227e-03	1.3222205632454400e-02	-3.4790741926232175e-04	1.3570113051716723e-02
127                     	2.8717746726884835e-01	1.3648178020933774e-01	1.5069568705951061e-01	4.1316206401740163e-02	-4.5197183551797401e-02	8.6513389953537564e-02	-6.5855286752667483e-02	-7.1069534250864409e-03	-7.3384709243270122e-03	1.1871183743943543e-02	-1.4028790523552405e-03	1.3274062796298784e-02
128                     	2.8854175014531308e-01	1.3705638782044727e-01	1.5148536232486581e-01	3.9434014891348075e-02	-4.8818342976246633e-02	8.8252357867594694e-02	-6.8535350421920674e-02	-7.2144872522092599e-03	-7.6320182749336210e-03	1.0240338057325705e-02	-2.5118492462707681e-03	1.2752187303596473e-02
129                     	2.8933674324685638e-01	1.3740279209880829e-01	1.5193395114804809e-01	3.9136919446498671e-02	-5.2015683269074103e-02	9.1152602715572767e-02	-7.1584142992323435e-02	-7.2655795246198947e-03	-7.7681169432116445e-03	8.4929909941144008e-03	-3.5216214461544432e-03	1.2014612440268847e-02
130                     	2.8958309891976941e-01	1.3759552584537718e-01	1.5198757307439223e-01	4.0370912718469092e-02	-5.4534681260818584e-02	9.4905593979287689e-02	-7.4720137620053140e-02	-7.1960236145075318e-03	-7.6672025758082732e-03	6.7731650414542093e-03	-4.2806200550811677e-03	1.1053785096535379e-02
131                     	2.8944333391322685e-01	1.3775645065354256e-01	1.5168688325968432e-01	4.3668097133509630e-02	-5.6027338856192037e-02	9.9695435989701667e-02	-7.7861387422946848e-02	-6.9652163030708902e-03	-7.3368435576534842e-03	5.2464626823868236e-03	-4.7136122164600719e-03	9.9600748988468973e-03
132                     	2.8912047316734185e-01	1.3795840433748813e-01	1.5116206882985372e-01	4.9115209737227182e-02	-5.6466016574194200e-02	1.0558122631142139e-01	-8.1023621442807794e-02	-6.6018322461828148e-03	-6.8437858122939454e-03	4.2007612808759569e-03	-4.7434051718559670e-03	8.9441664527319231e-03
133                     	2.8871880246284382e-01	1.3821581371158354e-01	1.5050298875126028e-01	5.6514866063956004e-02	-5.5978613378261037e-02	1.1249347944221703e-01	-8.4236046410239032e-02	-6.1435875198383909e-03	-6.2696742140077458e-03	3.7841979875374524e-03	-4.3775752202390187e-03	8.1617732077764720e-03
134                     	2.8829192535592185e-01	1.3852556376632608e-01	1.4976636158959575e-01	6.5161272170495124e-02	-5.4872180799999205e-02	1.2003345297049432e-01	-8.7452816885246767e-02	-5.6203989116348427e-03	-5.6710171869880834e-03	4.0005122760153429e-03	-3.6707610489804120e-03	7.6712733249957553e-03
135                     	2.8788299258833422e-01	1.3883679453139441e-01	1.4904619805693983e-01	7.3749484728980352e-02	-5.3662287314751790e-02	1.2741177204373216e-01	-9.0537029679241959e-02	-5.1047017627727023e-03	-5.0845134063360357e-03	4.8339807154504514e-03	-2.6675230486108105e-03	7.5015037640612618e-03
136                     	2.8748171966951919e-01	1.3907223703449118e-01	1.4840948263502798e-01	8.1068814197374134e-02	-5.2797915685909011e-02	1.3386672988328316e-01	-9.3332322784596078e-02	-4.6686228002684070e-03	-4.5250008089809755e-03	6.0734115166546912e-03	-1.4882950506536295e-03	7.5617065673083206e-03
137                     	2.8711422069643411e-01	1.3925667203608194e-01	1.4785754866035217e-01	8.6341295856810746e-02	-5.2323775258966206e-02	1.3866507111577694e-01	-9.5494423187371585e-02	-4.3004383121351304e-03	-3.9948238679676906e-03	7.3654830481346897e-03	-3.1208234390034558e-04	7.6775653920350354e-03
138                     	2.8681377064174657e-01	1.3947362770110458e-01	1.4734014294064196e-01	8.9341664391155831e-02	-5.1950328268720251e-02	1.4129199265987608e-01	-9.6621160464298167e-02	-3.9332576197686868e-03	-3.5304402221296850e-03	8.3618413305975269e-03	6.5048044316907841e-04	7.7113608874284480e-03
139                     	2.8662600808706012e-01	1.3979645865629173e-01	1.4682954943076840e-01	9.0334536338500249e-02	-5.1265836340110726e-02	1.4160037267861098e-01	-9.6433104509360851e-02	-3.5165453872383224e-03	-3.1770349456082042e-03	8.8556997964112909e-03	1.2508149525974411e-03	7.6048848438138496e-03
140                     	2.8658239378967887e-01	1.4028075437024576e-01	1.4630163941943311e-01	8.9941637007283137e-02	-5.0027464389958184e-02	1.3996910139724131e-01	-9.4998282893599739e-02	-3.0104425245936687e-03	-2.9784014625411468e-03	8.8028111200911894e-03	1.4230040975044475e-03	7.3798070225867419e-03
141                     	2.8679860847952732e-01	1.4091542910691052e-01	1.4588317937261680e-01	8.8254995810066350e-02	-4.8768080498428568e-02	1.3702307630849492e-01	-9.2895578403461743e-02	-2.4838751328531581e-03	-2.9386827506825827e-03	8.2282552585874625e-03	1.1754448786111483e-03	7.0528103799763139e-03
142                     	2.8732536912038109e-01	1.4169113792107527e-01	1.4563423119930582e-01	8.6176458693834987e-02	-4.7557023962626663e-02	1.3373348265646165e-01	-9.0645253309544149e-02	-1.9715466391152930e-03	-3.0268332025384292e-03	7.1810662791358887e-03	5.6369993702951504e-04	6.6173663421063731e-03
143                     	2.8809195125206410e-01	1.4253487303293577e-01	1.4555707821912833e-01	8.4601686503791476e-02	-4.6325164970056829e-02	1.3092685147384830e-01	-8.8626008221952560e-02	-1.5111025930962694e-03	-3.1688982385030934e-03	5.8190652535209803e-03	-2.5936561174260309e-04	6.0784308652635840e-03
144                     	2.8893168600096097e-01	1.4333192433427111e-01	1.4559976166668984e-01	8.4005732878870795e-02	-4.5009829659816092e-02	1.2901556253868687e-01	-8.7012696099251496e-02	-1.1339186662093516e-03	-3.2667300682751375e-03	4.3101030494854453e-03	-1.1116785435324149e-03	5.4217815930178610e-03
145                     	2.8970851621024879e-01	1.4401329245506472e-01	1.4569522375518404e-01	8.4708439677232072e-02	-4.3372457584062774e-02	1.2808089726129485e-01	-8.5726677422678810e-02	-8.4096565005965091e-04	-3.2705594055910570e-03	2.7908659565043432e-03	-1.8751264273388852e-03	4.6659923838432288e-03
146                     	2.9037868409979017e-01	1.4455920547383641e-01	1.4581947862595379e-01	8.6624442994740578e-02	-4.1298620937027367e-02	1.2792306393176794e-01	-8.4610842434397648e-02	-6.3013657605868914e-04	-3.1686361155405301e-03	1.4275116705796411e-03	-2.4548802802507098e-03	3.8823919508303509e-03
147                     	2.9092933934351728e-01	1.4498604691428288e-01	1.4594329242923443e-01	8.9558589259166710e-02	-3.8835036455132255e-02	1.2839362571429896e-01	-8.3614331084715610e-02	-4.7862275747577649e-04	-3.0309088537226452e-03	3.4002520950400007e-04	-2.8608962489706452e-03	3.2009214584746448e-03
148                     	2.9133816676291857e-01	1.4532930801480790e-01	1.4600885874811068e-01	9.3280869440539260e-02	-3.6104249052901619e-02	1.2938511849344089e-01	-8.2744683773171249e-02	-3.3977536665138065e-04	-2.9595626083222478e-03	-5.5546674792946696e-04	-3.2372959822869812e-03	2.6818292343575145e-03
149                     	2.9163503887900322e-01	1.4563492928239091e-01	1.4600010959661230e-01	9.7178017508587664e-02	-3.3414991143232736e-02	1.3059300865182039e-01	-8.2003999897526561e-02	-1.8259015711070067e-04	-3.0384466870777729e-03	-1.2958347921882176e-03	-3.6863640831718818e-03	2.3905292909836640e-03
150                     	2.9187622364314331e-01	1.4592318723660280e-01	1.4595303640654053e-01	1.0042858749655183e-01	-3.1342189226218113e-02	1.3177077672276993e-01	-8.1556482974494027e-02	-1.4924584968879625e-05	-3.2602027653128368e-03	-1.8354907081406795e-03	-4.1779481193831760e-03	2.3424574112424971e-03
