# Force and moment coefficients
# dragDir               : (1.0000000000000000e+00 0.0000000000000000e+00 0.0000000000000000e+00)
# sideDir               : (0.0000000000000000e+00 1.0000000000000000e+00 0.0000000000000000e+00)
# liftDir               : (0.0000000000000000e+00 0.0000000000000000e+00 1.0000000000000000e+00)
# rollAxis              : (1.0000000000000000e+00 0.0000000000000000e+00 0.0000000000000000e+00)
# pitchAxis             : (0.0000000000000000e+00 1.0000000000000000e+00 0.0000000000000000e+00)
# yawAxis               : (0.0000000000000000e+00 0.0000000000000000e+00 1.0000000000000000e+00)
# magUInf               : 3.8889000000000003e+01
# lRef                  : 2.7861799999999999e+00
# Aref                  : 2.1699999999999999e+00
# CofR                  : (1.4000900000000001e+00 0.0000000000000000e+00 -3.1759999999999999e-01)
#
# Time                  	Cd                      	Cd(f)                   	Cd(r)                   	Cl                      	Cl(f)                   	Cl(r)                   	CmPitch                 	CmRoll                  	CmYaw                   	Cs                      	Cs(f)                   	Cs(r)                   
1                       	1.1969364927981692e+00	5.9858937729805595e-01	5.9834711550011332e-01	-6.3302192615789066e-01	-7.4276078845961421e-02	-5.5874584731192922e-01	2.4223488423298387e-01	1.2113089897138204e-04	6.4718907735464536e-03	-7.4109707228304737e-03	2.7664054121312167e-03	-1.0177376134961690e-02
2                       	6.6575652222351667e-01	3.3136641875501754e-01	3.3439010346849907e-01	-4.3295139649342190e-01	-1.9056307165277295e-01	-2.4238832484064898e-01	2.5912626593938021e-02	-1.5118423567407656e-03	4.1673033699573840e-03	2.1129313674826448e-03	5.2237690536987066e-03	-3.1108376862160618e-03
3                       	3.9476850086827536e-01	1.9515435156790054e-01	1.9961414930037483e-01	-3.3257534909996939e-01	-2.1238768882995668e-01	-1.2018766027001272e-01	-4.6100014279971971e-02	-2.2298988662371511e-03	3.9257696925418537e-03	3.8424801613094989e-03	5.8470097731966033e-03	-2.0045296118871040e-03
4                       	3.1910762673095283e-01	1.5691066066055950e-01	1.6219696607039333e-01	-3.2707059869690475e-01	-2.2877589550764857e-01	-9.8294703189256177e-02	-6.5240596159196196e-02	-2.6431527049169219e-03	4.2007781817560300e-03	4.4787028261055496e-03	6.4401295948088039e-03	-1.9614267687032548e-03
5                       	3.2086019965690921e-01	1.5715971433276321e-01	1.6370048532414597e-01	-3.5922917561166123e-01	-2.4453170792375314e-01	-1.1469746768790810e-01	-6.4917120117922528e-02	-3.2703854956913653e-03	4.6346352500945672e-03	6.0325060784754501e-03	7.6508882893322923e-03	-1.6183822108568422e-03
6                       	3.4806294607818000e-01	1.7007031679484150e-01	1.7799262928333848e-01	-3.9199089896811523e-01	-2.5543014965510652e-01	-1.3656074931300874e-01	-5.9434700171048870e-02	-3.9611562442484821e-03	5.0889918580527081e-03	7.9235555092243195e-03	9.0507696126648687e-03	-1.1272141034405485e-03
7                       	3.7874511608791289e-01	1.8485642050624396e-01	1.9388869558166894e-01	-4.1073533181518512e-01	-2.5798934828886688e-01	-1.5274598352631824e-01	-5.2621682381274328e-02	-4.5161375377124752e-03	5.5327444266054012e-03	9.5779936727817417e-03	1.0321741262996271e-02	-7.4374759021453047e-04
8                       	4.0415249598019837e-01	1.9715654735743293e-01	2.0699594862276544e-01	-4.0736109032837525e-01	-2.5214882250161530e-01	-1.5521226782675998e-01	-4.8468277337427652e-02	-4.9197006326662405e-03	5.7876952212004770e-03	1.0758248341798631e-02	1.1166819392099792e-02	-4.0857105030116204e-04
9                       	4.2210954947966339e-01	2.0597762788572618e-01	2.1613192159393718e-01	-3.8251747251872870e-01	-2.3850052176137557e-01	-1.4401695075735313e-01	-4.7241785502011226e-02	-5.0771468541054819e-03	5.8352239844381756e-03	1.1422273374936827e-02	1.1546360671906590e-02	-1.2408729696976230e-04
10                      	4.3391196518424940e-01	2.1187101225364352e-01	2.2204095293060588e-01	-3.4379465244974783e-01	-2.2108337735132447e-01	-1.2271127509842336e-01	-4.9186051126450560e-02	-5.0849703384811774e-03	5.7077202679055644e-03	1.1687185059020548e-02	1.1551312797415839e-02	1.3587226160470951e-04
11                      	4.4167690003270460e-01	2.1584213090666723e-01	2.2583476912603737e-01	-3.0040815541498389e-01	-2.0350739872685455e-01	-9.6900756688129336e-02	-5.3303321019362609e-02	-4.9963191096850856e-03	5.3939874378420658e-03	1.1569837635049410e-02	1.1178906255366772e-02	3.9093137968263962e-04
12                      	4.4615922659152485e-01	2.1820320336036103e-01	2.2795602323116382e-01	-2.6010731616980204e-01	-1.8788574844572456e-01	-7.2221567724077451e-02	-5.7832090360823568e-02	-4.8764099354013830e-03	4.9777108764335609e-03	1.1160095058487201e-02	1.0557758405677161e-02	6.0233665281003983e-04
13                      	4.4849431415941721e-01	2.1949781166029037e-01	2.2899650249912684e-01	-2.2588410451166757e-01	-1.7390222091228946e-01	-5.1981883599378123e-02	-6.0960168656455670e-02	-4.7493454194182357e-03	4.5638618762563494e-03	1.0657618498932198e-02	9.8926711257224485e-03	7.6494737320975041e-04
14                      	4.4873399486263438e-01	2.1971161218607041e-01	2.2902238267656397e-01	-2.0118808489674561e-01	-1.6245983909278916e-01	-3.8728245803956451e-02	-6.1865796644416354e-02	-4.6553852452467922e-03	4.1911391471436497e-03	1.0349321101057202e-02	9.3657996976722509e-03	9.8352140338495197e-04
15                      	4.4802056037854798e-01	2.1947989741557125e-01	2.2854066296297673e-01	-1.8439745752750414e-01	-1.5367038898494298e-01	-3.0727068542561155e-02	-6.1471660221190910e-02	-4.5303827737027619e-03	3.9590738038989140e-03	1.0125385714041549e-02	9.0217666609196893e-03	1.1036190531218603e-03
16                      	4.4717021388587125e-01	2.1917480050279331e-01	2.2799541338307794e-01	-1.7206811807321407e-01	-1.4644126752589695e-01	-2.5626850547317150e-02	-6.0407208489289890e-02	-4.4103064401422951e-03	3.9685059480033145e-03	1.0029727074320871e-02	8.9833694851637492e-03	1.0463575891571208e-03
17                      	4.4647256651175238e-01	2.1899701013457498e-01	2.2747555637717740e-01	-1.5967610443939320e-01	-1.3964686764308609e-01	-2.0029236796307109e-02	-5.9808815423389491e-02	-4.2392731213012303e-03	4.1475423878689710e-03	1.0001360062371204e-02	9.1482224190545715e-03	8.5313764331663132e-04
18                      	4.4586386988381760e-01	2.1888461244368154e-01	2.2697925744013606e-01	-1.4459095899325222e-01	-1.3240096946405028e-01	-1.2189989529201936e-02	-6.0105489967424174e-02	-4.0473224982272467e-03	4.3528258066955032e-03	1.0112011485460806e-02	9.4088315494259070e-03	7.0317993603489940e-04
19                      	4.4546675608446640e-01	2.1892728198785408e-01	2.2653947409661229e-01	-1.2613788467870582e-01	-1.2428328976674061e-01	-1.8545949119652175e-03	-6.1214347427387690e-02	-3.8060960543791060e-03	4.4521312025550507e-03	1.0183382801450112e-02	9.5438226032801068e-03	6.3956019817000543e-04
20                      	4.4569694209769489e-01	2.1934109959285061e-01	2.2635584250484428e-01	-1.0397177415450837e-01	-1.1504140603545795e-01	1.1069631880949587e-02	-6.3055518958203771e-02	-3.5073714559968358e-03	4.3582125784768846e-03	1.0216444310786150e-02	9.4664347338699606e-03	7.5000957691619011e-04
21                      	4.4605810348533442e-01	2.1973868425784607e-01	2.2631941922748836e-01	-7.8502171278559976e-02	-1.0418261530879414e-01	2.5680444030234156e-02	-6.4931529669514140e-02	-3.2903674848211552e-03	4.2191294606547828e-03	1.0338452449359551e-02	9.3883556853345575e-03	9.5009676402499311e-04
22                      	4.4616261359813153e-01	2.1985813778347127e-01	2.2630447581466026e-01	-5.2137152549333821e-02	-9.2478975283184411e-02	4.0341822733850591e-02	-6.6410399008517501e-02	-3.2231690155945136e-03	4.1194355380242409e-03	1.0737438096090429e-02	9.4881545860694555e-03	1.2492835100209737e-03
23                      	4.4583958909800198e-01	2.1958925718803002e-01	2.2625033190997196e-01	-2.7761367750094676e-02	-8.0856491817255807e-02	5.3095124067161131e-02	-6.6975807942208462e-02	-3.3305373609709651e-03	4.1442321908106185e-03	1.1417172395851251e-02	9.8528183887362456e-03	1.5643540071150067e-03
24                      	4.4501219126014058e-01	2.1898413272518436e-01	2.2602805853495622e-01	-3.9437486009534801e-03	-6.8786737196446013e-02	6.4842988595492534e-02	-6.6814862895969274e-02	-3.5219629048859244e-03	4.3488172808625828e-03	1.2550042702094893e-02	1.0623838631910030e-02	1.9262040701848635e-03
25                      	4.4418988146000088e-01	2.1819555028583903e-01	2.2599433117416184e-01	1.7878121238485246e-02	-5.7667129813166740e-02	7.5545251051651982e-02	-6.6606190432409354e-02	-3.8993904441614081e-03	4.8862711641126334e-03	1.4587379413137119e-02	1.2179960870681194e-02	2.4074185424559267e-03
26                      	4.4388570185115117e-01	2.1748345885310824e-01	2.2640224299804293e-01	3.6390806798976189e-02	-4.8579461384113537e-02	8.4970268183089712e-02	-6.6774864783601631e-02	-4.4593920724673372e-03	5.6756670510616078e-03	1.7215295486462931e-02	1.4283314794293074e-02	2.9319806921698573e-03
27                      	4.4386121646210741e-01	2.1678796196040551e-01	2.2707325450170190e-01	5.0777864503797412e-02	-4.2067361525701563e-02	9.2845226029498976e-02	-6.7456293777600262e-02	-5.1426462706481860e-03	6.5528964911924980e-03	1.9760111356145256e-02	1.6432952169265127e-02	3.3271591868801300e-03
28                      	4.4396992006044717e-01	2.1619156809496531e-01	2.2777835196548185e-01	5.8844511691024587e-02	-3.9545836217181780e-02	9.8390347908206374e-02	-6.8968092062694081e-02	-5.7933919352582660e-03	7.3564657136002990e-03	2.1631399530186571e-02	1.8172165478693582e-02	3.4592340514929855e-03
29                      	4.4415218104132698e-01	2.1576796542468071e-01	2.2838421561664624e-01	5.9549842018408530e-02	-4.1242365561665037e-02	1.0079220758007355e-01	-7.1017286570869295e-02	-6.3081250959827733e-03	7.9250766891578849e-03	2.2594159965478738e-02	1.9222156671897254e-02	3.3720032935814831e-03
30                      	4.4411543210214055e-01	2.1551013968327895e-01	2.2860529241886160e-01	5.6508383933774969e-02	-4.4923149315915095e-02	1.0143153324969008e-01	-7.3177341282802580e-02	-6.5475763677913202e-03	7.9797746005802073e-03	2.2372591876174665e-02	1.9166070538667541e-02	3.2065213375071250e-03
31                      	4.4360283038197063e-01	2.1519165778819896e-01	2.2841117259377169e-01	5.2613165833610101e-02	-4.7981766364786065e-02	1.0059493219839616e-01	-7.4288349281591115e-02	-6.6097574027863728e-03	7.5563525667763443e-03	2.1340442994177235e-02	1.8226574063864964e-02	3.1138689303122722e-03
32                      	4.4266850456959811e-01	2.1466563751347692e-01	2.2800286705612122e-01	4.7613403074855933e-02	-5.0256514358570231e-02	9.7869917433426171e-02	-7.4063215895998194e-02	-6.6686147713221578e-03	6.8800794625614907e-03	1.9878905892571963e-02	1.6819532408847471e-02	3.0593734837244908e-03
33                      	4.4127929887488210e-01	2.1389560333298518e-01	2.2738369554189694e-01	4.2221847449833164e-02	-5.1505811509315595e-02	9.3727658959148752e-02	-7.2616735234232177e-02	-6.7440461044558850e-03	5.9951058456245597e-03	1.8220424257815341e-02	1.5105317974532231e-02	3.1151062832831104e-03
34                      	4.3937860082639374e-01	2.1292650567210669e-01	2.2645209515428705e-01	3.9238014441508741e-02	-5.0876722694838707e-02	9.0114737136347448e-02	-7.0495729915593081e-02	-6.7627947410901813e-03	4.9948261052144526e-03	1.6276979185672068e-02	1.3133315698050487e-02	3.1436634876215817e-03
35                      	4.3757731769217084e-01	2.1220212519475418e-01	2.2537519249741669e-01	3.9627917216439552e-02	-4.8610252970455327e-02	8.8238170186894865e-02	-6.8424211578675107e-02	-6.5865336513312679e-03	3.9995371766812270e-03	1.4141330728211707e-02	1.1070202540787080e-02	3.0711281874246264e-03
36                      	4.3621370278129828e-01	2.1197343490867651e-01	2.2424026787262177e-01	4.0359184104158646e-02	-4.6261435550765673e-02	8.6620619654924305e-02	-6.6441027602844996e-02	-6.1334164819726407e-03	2.9854279922109143e-03	1.2377040320062326e-02	9.1739481522420778e-03	3.2030921678202488e-03
37                      	4.3561559823673285e-01	2.1209981003183695e-01	2.2351578820489590e-01	4.0015104602327392e-02	-4.4661264910859505e-02	8.4676369513186897e-02	-6.4668817212023208e-02	-5.7079890865294747e-03	2.1797738906862742e-03	1.1458113749665152e-02	7.9088307655188483e-03	3.5492829841463013e-03
38                      	4.3606009013745162e-01	2.1242265950335362e-01	2.2363743063409799e-01	3.9171584550786537e-02	-4.4073821096301535e-02	8.3245405647088086e-02	-6.3659613371694804e-02	-5.6073855653721765e-03	1.8550005916962051e-03	1.1788677230630339e-02	7.7493392070113734e-03	4.0393380236189644e-03
39                      	4.3722972513445785e-01	2.1280760385020209e-01	2.2442212128425579e-01	3.7331872185049450e-02	-4.5219703328299332e-02	8.2551575513348796e-02	-6.3885639420824064e-02	-5.8072587170268555e-03	2.2245526183482960e-03	1.2872840597669516e-02	8.6609729171830546e-03	4.2118676804864617e-03
40                      	4.3844596105436423e-01	2.1322746942530907e-01	2.2521849162905519e-01	3.5260356677193738e-02	-4.7494508012699492e-02	8.2754864689893223e-02	-6.5124686351296354e-02	-5.9955111018730502e-03	2.8450036436802276e-03	1.3954742612830359e-02	9.8223749500954069e-03	4.1323676627349516e-03
41                      	4.3841165885266392e-01	2.1310813019352834e-01	2.2530352865913558e-01	3.4756298769986475e-02	-5.0554265153946183e-02	8.5310563923932659e-02	-6.7932414538939417e-02	-6.0976992328036243e-03	3.4925915040593418e-03	1.4828845136083655e-02	1.0907014072101170e-02	3.9218310639824857e-03
42                      	4.3652532587702281e-01	2.1207022167490094e-01	2.2445510420212186e-01	3.6709446767690328e-02	-5.3048351316241797e-02	8.9757798083932125e-02	-7.1403074700086971e-02	-6.1924412636104563e-03	4.1795407767261615e-03	1.5483206798552069e-02	1.1921144176002197e-02	3.5620626225498732e-03
43                      	4.3291929337025498e-01	2.0993491546305232e-01	2.2298437790720266e-01	3.9758683531340371e-02	-5.5010393737672733e-02	9.4769077269013097e-02	-7.4889735503342922e-02	-6.5247312220751592e-03	4.8403886455892099e-03	1.6096364572752105e-02	1.2888570931965260e-02	3.2077936407868429e-03
44                      	4.2822444679945160e-01	2.0701685798009575e-01	2.2120758881935584e-01	4.3366017979616235e-02	-5.5819428756598170e-02	9.9185446736214405e-02	-7.7502437746406291e-02	-7.0953654196300557e-03	5.3843478283691192e-03	1.6776342781914064e-02	1.3772519219326151e-02	3.0038235625879125e-03
45                      	4.2290931575983876e-01	2.0375764629313114e-01	2.1915166946670761e-01	4.7658591418677156e-02	-5.3982402001378604e-02	1.0164099342005575e-01	-7.7811697710717179e-02	-7.6970115867882145e-03	5.6583964038782655e-03	1.7354660119147342e-02	1.4335726463451935e-02	3.0189336556954052e-03
46                      	4.1758556061411506e-01	2.0063667117669309e-01	2.1694888943742197e-01	5.3462537075778173e-02	-4.8842760084058350e-02	1.0230529715983654e-01	-7.5574028621947439e-02	-8.1561091303644223e-03	5.4403813060042881e-03	1.7593643853442722e-02	1.4237203232725648e-02	3.3564406207170715e-03
47                      	4.1254320729953103e-01	1.9786910252700013e-01	2.1467410477253093e-01	5.8196081172594526e-02	-4.2979176730217013e-02	1.0117525790281154e-01	-7.2077217316514272e-02	-8.4025011227654017e-03	4.6277710704293595e-03	1.7079479781491616e-02	1.3167510961175168e-02	3.9119688203164494e-03
48                      	4.0823729962319044e-01	1.9558972719784878e-01	2.1264757242534163e-01	5.7807815835554686e-02	-3.9118326701552325e-02	9.6926142537107018e-02	-6.8022234619329672e-02	-8.5289226137464178e-03	3.6355125964285390e-03	1.6270162773817480e-02	1.1770593983337277e-02	4.4995687904802011e-03
49                      	4.0442006272846831e-01	1.9356027955328359e-01	2.1085978317518472e-01	5.1389480970877234e-02	-3.7189850089662156e-02	8.8579331060539390e-02	-6.2884590575100777e-02	-8.6497518109505799e-03	2.9389794423877939e-03	1.6259378987302502e-02	1.1068668936039043e-02	5.1907100512634564e-03
50                      	4.0112408779372755e-01	1.9182463013283438e-01	2.0929945766089320e-01	4.0672256079983281e-02	-3.6257724271241173e-02	7.6929980351224461e-02	-5.6593852311232817e-02	-8.7374137640293895e-03	2.4712169355064978e-03	1.7035997426100926e-02	1.0989215648556962e-02	6.0467817775439652e-03
51                      	3.9866003918292364e-01	1.9053223028578750e-01	2.0812780889713611e-01	2.7982925328847913e-02	-3.5834913183561808e-02	6.3817838512409727e-02	-4.9826375847985771e-02	-8.7977893056743178e-03	2.0266195861884957e-03	1.8067834176684200e-02	1.1060536674530596e-02	7.0072975021536043e-03
52                      	3.9645928212402054e-01	1.8934915522019416e-01	2.0711012690382635e-01	1.5523477114197239e-02	-3.5533886626410688e-02	5.1057363740607931e-02	-4.3295625183509309e-02	-8.8804858418160722e-03	1.4842564149701463e-03	1.8721016044123313e-02	1.0844764437031801e-02	7.8762516070915098e-03
53                      	3.9387656691140699e-01	1.8802451349415156e-01	2.0585205341725543e-01	4.6282587527823171e-03	-3.4895542428243054e-02	3.9523801181025373e-02	-3.7209671804634213e-02	-8.9137699615519598e-03	6.6222197443063248e-04	1.8731341753540603e-02	1.0027892851200934e-02	8.7034489023396690e-03
54                      	3.9081381811462640e-01	1.8658652083544466e-01	2.0422729727918176e-01	-4.5669696144117157e-03	-3.4118900716244724e-02	2.9551931101833011e-02	-3.1835415909038864e-02	-8.8203882218685532e-03	-3.5640567230247233e-04	1.7973552169559832e-02	8.6303704124774446e-03	9.3431817570823888e-03
55                      	3.8773136533991914e-01	1.8530419267873366e-01	2.0242717266118546e-01	-1.1392935987561650e-02	-3.3271591492093189e-02	2.1878655504531531e-02	-2.7575123498312360e-02	-8.5614899912258968e-03	-1.3306608644148964e-03	1.6756305067157178e-02	7.0474916691636927e-03	9.7088133979934838e-03
56                      	3.8500205987914793e-01	1.8422338129388199e-01	2.0077867858526596e-01	-1.5485890672374493e-02	-3.2912116779292178e-02	1.7426226106917690e-02	-2.5169171443104935e-02	-8.2776486456919967e-03	-2.0152528558941060e-03	1.5778926290699307e-02	5.8742102894555484e-03	9.9047160012437595e-03
57                      	3.8251445981569193e-01	1.8317762525525039e-01	1.9933683456044152e-01	-1.8276492379818762e-02	-3.3382522173108220e-02	1.5106029793289455e-02	-2.4244275983198837e-02	-8.0796046525955529e-03	-2.2766363534871322e-03	1.5233741600346623e-02	5.3402344466861804e-03	9.8935071536604430e-03
58                      	3.7997046553075725e-01	1.8209133222230284e-01	1.9787913330845441e-01	-2.0757364344258372e-02	-3.5085058487698571e-02	1.4327694143440194e-02	-2.4706376315569382e-02	-7.8939005430757967e-03	-2.0351715649953319e-03	1.5002900941115819e-02	5.4662789055625778e-03	9.5366220355532407e-03
59                      	3.7748937731821997e-01	1.8112426479946106e-01	1.9636511251875891e-01	-2.2766615808394567e-02	-3.7698301275946255e-02	1.4931685467551692e-02	-2.6314993371748977e-02	-7.6204238596489253e-03	-1.4176918450875815e-03	1.4912192378707390e-02	6.0384043442661137e-03	8.8737880344412767e-03
60                      	3.7494798812939389e-01	1.8018649705969755e-01	1.9476149106969634e-01	-2.3456514336686180e-02	-4.0669626685665566e-02	1.7213112348979393e-02	-2.8941369517322482e-02	-7.2874970049993980e-03	-7.7789545031592237e-04	1.4813137401186003e-02	6.6286732502770793e-03	8.1844641509089249e-03
61                      	3.7209108423974024e-01	1.7911432212573253e-01	1.9297676211400772e-01	-2.1455003766216313e-02	-4.3293814575349129e-02	2.1838810809132816e-02	-3.2566312692240973e-02	-6.9312199941375880e-03	-4.2988593803227140e-04	1.4571070168584185e-02	6.8556491462598212e-03	7.7154210223243638e-03
62                      	3.6909438515997506e-01	1.7819472451969923e-01	1.9089966064027583e-01	-1.8395798882562493e-02	-4.5490658602414726e-02	2.7094859719852236e-02	-3.6292759161133475e-02	-6.3524680602883169e-03	-5.2105634457018835e-04	1.3842173953924388e-02	6.4000306323920061e-03	7.4421433215323823e-03
63                      	3.6652033686816948e-01	1.7764614745961202e-01	1.8887418940855746e-01	-1.5580197908033885e-02	-4.7587595368678008e-02	3.2007397460644120e-02	-3.9797496414661064e-02	-5.6140209744727290e-03	-9.0978760169600510e-04	1.2860781992727579e-02	5.5206033946677835e-03	7.3401785980597945e-03
64                      	3.6449608910248832e-01	1.7736833817519534e-01	1.8712775092729297e-01	-1.3336956624072662e-02	-4.9701084161436315e-02	3.6364127537363650e-02	-4.3032605849399982e-02	-4.8797063760488042e-03	-1.2714860698701111e-03	1.1799480717257421e-02	4.6282542887585995e-03	7.1712264284988225e-03
65                      	3.6291222049283561e-01	1.7713878806549060e-01	1.8577343242734501e-01	-1.0136508699226603e-02	-5.1099360484228688e-02	4.0962851785002086e-02	-4.6031106134615384e-02	-4.3173221809272126e-03	-1.4353028083399619e-03	1.0577254162655259e-02	3.8533242729876676e-03	6.7239298896675905e-03
66                      	3.6161901107387640e-01	1.7684330390329828e-01	1.8477570717057809e-01	-4.7432241375293706e-03	-5.1358458215702577e-02	4.6615234078173202e-02	-4.8986846146937893e-02	-3.9662016336399026e-03	-1.3641688763831171e-03	9.2836393640246886e-03	3.2776508056292270e-03	6.0059885583954612e-03
67                      	3.6073910276694632e-01	1.7658456352269758e-01	1.8415453924424871e-01	3.1619727625066931e-03	-4.9941254739457569e-02	5.3103227501964258e-02	-5.1522241120710917e-02	-3.7849878607755659e-03	-1.0307555855354623e-03	8.1294277436429613e-03	3.0339582862860186e-03	5.0954694573569432e-03
68                      	3.6017361656119135e-01	1.7636705074721551e-01	1.8380656581397584e-01	1.2507758308239312e-02	-4.7275679696038145e-02	5.9783438004277455e-02	-5.3529558850157796e-02	-3.7197575333801774e-03	-5.0148697970593377e-04	7.2307072619111675e-03	3.1138666512496496e-03	4.1168406106615180e-03
69                      	3.5979519439483637e-01	1.7616261500770430e-01	1.8363257938713209e-01	2.1900777887634278e-02	-4.4406627796136341e-02	6.6307405683770609e-02	-5.5357016739953482e-02	-3.7349821897138800e-03	3.8544891269883365e-05	6.6771269681434355e-03	3.3771083753416013e-03	3.3000185928018346e-03
70                      	3.5920579991245344e-01	1.7579341683840458e-01	1.8341238307404886e-01	3.0409381707577263e-02	-4.1994010820789164e-02	7.2403392528366417e-02	-5.7198701674577794e-02	-3.8094831178221568e-03	3.6584575382249938e-04	6.5316004222533272e-03	3.6316459649491633e-03	2.8999544573041643e-03
71                      	3.5848494812120946e-01	1.7542490645472331e-01	1.8306004166648612e-01	3.7306968528873594e-02	-4.0267407547253137e-02	7.7574376076126730e-02	-5.8920891811689934e-02	-3.8175676058814045e-03	4.9359996447781310e-04	6.6815664467597975e-03	3.8343831878577118e-03	2.8471832589020852e-03
72                      	3.5812724978845806e-01	1.7540500543648990e-01	1.8272224435196815e-01	4.1833993446390744e-02	-3.9926111674234273e-02	8.1760105120625023e-02	-6.0843108397429652e-02	-3.6586194577391202e-03	5.4320109941929592e-04	6.9942654573218578e-03	4.0403338280802243e-03	2.9539316292416327e-03
73                      	3.5807267220005423e-01	1.7562026552238091e-01	1.8245240667767329e-01	4.5693869329405341e-02	-4.0358091459880216e-02	8.6051960789285564e-02	-6.3205026124582883e-02	-3.4160705776462045e-03	5.4638813639260671e-04	7.2554490270615689e-03	4.1741126499233909e-03	3.0813363771381775e-03
74                      	3.5787856656580797e-01	1.7569492136299972e-01	1.8218364520280822e-01	5.1155708122329106e-02	-4.0546439328037247e-02	9.1702147450366367e-02	-6.6124293389201810e-02	-3.2443619199042390e-03	4.7402670408932027e-04	7.5234972834815764e-03	4.2357753458301091e-03	3.2877219376514681e-03
75                      	3.5706834162858442e-01	1.7534380951465531e-01	1.8172453211392911e-01	5.8654742200453025e-02	-4.0585444532520082e-02	9.9240186732973107e-02	-6.9912815632746594e-02	-3.1903612996369082e-03	4.0324319913326832e-04	7.8939660792354364e-03	4.3502262387509864e-03	3.5437398404844496e-03
76                      	3.5496373881137244e-01	1.7422276320209878e-01	1.8074097560927369e-01	6.7527585155139874e-02	-4.0799259453576077e-02	1.0832684460871596e-01	-7.4563052031146021e-02	-3.2591062035874632e-03	3.7742501465874235e-04	8.3538575715591309e-03	4.5543538004383073e-03	3.7995037711208235e-03
77                      	3.5123934705538923e-01	1.7228798147346544e-01	1.7895136558192376e-01	7.7503124208308391e-02	-4.0636670156971755e-02	1.1813979436528015e-01	-7.9388232261125943e-02	-3.3316920542291579e-03	4.7980422536495171e-04	8.6891279148521156e-03	4.8243681827910105e-03	3.8647597320611063e-03
78                      	3.4602967853764333e-01	1.6971410515026247e-01	1.7631557338738085e-01	8.7376360771944425e-02	-3.9780153620659855e-02	1.2715651439260428e-01	-8.3468334006632075e-02	-3.3007341185591899e-03	7.4155126171915819e-04	8.5713851814429899e-03	5.0272438524406535e-03	3.5441413290023364e-03
79                      	3.4011337294263955e-01	1.6687996246171832e-01	1.7323341048092122e-01	9.5703123005723464e-02	-3.8244119835887908e-02	1.3394724284161139e-01	-8.6095681338749633e-02	-3.1767240096014643e-03	1.1279294428902379e-03	8.0952573672283083e-03	5.1755581265043923e-03	2.9196992407239156e-03
80                      	3.3448972107441843e-01	1.6425779479434519e-01	1.7023192628007322e-01	1.0241712826532681e-01	-3.5467568996494732e-02	1.3788469726182154e-01	-8.6676133129158145e-02	-2.9870657428640339e-03	1.5508247242983927e-03	7.4751278748818109e-03	5.2883886617392977e-03	2.1867392131425128e-03
81                      	3.2976171451595337e-01	1.6208619216796966e-01	1.6767552234798375e-01	1.0757434199130311e-01	-3.1576447225610538e-02	1.3915078921691365e-01	-8.5363618221262094e-02	-2.7946650900070647e-03	2.0041885083247530e-03	6.7784717915606949e-03	5.3934244041051000e-03	1.3850473874555947e-03
82                      	3.2619916132036519e-01	1.6041219710660459e-01	1.6578696421376060e-01	1.1041826222483554e-01	-2.7435417066302113e-02	1.3785367929113768e-01	-8.2644548178719884e-02	-2.6873835535780113e-03	2.4412326822839522e-03	6.1702097242323350e-03	5.5263375444001197e-03	6.4387217983221507e-04
83                      	3.2363200804094200e-01	1.5913706722381002e-01	1.6449494081713198e-01	1.1026618954757142e-01	-2.4182601753392631e-02	1.3444879130096404e-01	-7.9315696527178348e-02	-2.6789367966609718e-03	2.7424343270630309e-03	5.8056403649749096e-03	5.6452545095504857e-03	1.6038585542442376e-04
84                      	3.2183313260378998e-01	1.5818413527290109e-01	1.6364899733088886e-01	1.0741850459853376e-01	-2.2090784041033297e-02	1.2950928863956707e-01	-7.5800036340300178e-02	-2.7324310289939084e-03	2.8445916520967087e-03	5.7040404567585265e-03	5.6966118804759724e-03	7.4285762825543209e-06
85                      	3.2076677240132334e-01	1.5758312011253101e-01	1.6318365228879234e-01	1.0265229421174824e-01	-2.0996554233587386e-02	1.2364884844533561e-01	-7.2322701339461504e-02	-2.8002660881306656e-03	2.7290668793294105e-03	5.8209424260125368e-03	5.6395380923356785e-03	1.8140433367685806e-04
86                      	3.2030346224112660e-01	1.5730722364722324e-01	1.6299623859390336e-01	9.8049730902293672e-02	-1.9892699075864655e-02	1.1794242997815833e-01	-6.8917564527011491e-02	-2.8445074733400673e-03	2.3082181463339518e-03	6.2234956336831883e-03	5.4199659631755451e-03	8.0352967050764234e-04
87                      	3.1999289343148329e-01	1.5712728972930684e-01	1.6286560370217645e-01	9.4906460471319162e-02	-1.8100529410332657e-02	1.1300698988165182e-01	-6.5553759645992235e-02	-2.8691569864348009e-03	1.6641906280152983e-03	6.7664167943681137e-03	5.0473990251993549e-03	1.7190177691687586e-03
88                      	3.1937133380430566e-01	1.5682041500772806e-01	1.6255091879657760e-01	9.3331248336285005e-02	-1.5448338973598218e-02	1.0877958730988323e-01	-6.2113963141740718e-02	-2.8652518944247769e-03	9.7176650099944028e-04	7.1941170324329442e-03	4.5688250172159122e-03	2.6252920152170321e-03
89                      	3.1830220059508790e-01	1.5633418410529146e-01	1.6196801648979647e-01	9.2496316963971786e-02	-1.2343003210668443e-02	1.0483932017464022e-01	-5.8591161692654332e-02	-2.8169161922525048e-03	3.8688703034978230e-04	7.3100718025954827e-03	4.0419229316475238e-03	3.2681488709479590e-03
90                      	3.1695427169355073e-01	1.5574065381189964e-01	1.6121361788165109e-01	9.0870585877479801e-02	-9.8235874693576239e-03	1.0069417334683743e-01	-5.5258880408097524e-02	-2.7364820348757344e-03	-5.9276252705195223e-05	7.1095186451215903e-03	3.4954830698556002e-03	3.6140355752659900e-03
91                      	3.1550040359573644e-01	1.5503849401345438e-01	1.6046190958228204e-01	8.6700776903959026e-02	-9.0872030679813309e-03	9.5787979971940357e-02	-5.2437591519960844e-02	-2.7117077844138284e-03	-3.9864308098540855e-04	6.6952218964895826e-03	2.9489678672593826e-03	3.7462540292301995e-03
92                      	3.1390257951247824e-01	1.5409976647076068e-01	1.5980281304171753e-01	7.9729890353029922e-02	-1.0553625372279695e-02	9.0283515725309613e-02	-5.0418570548794658e-02	-2.8515232854784086e-03	-6.3455582443479699e-04	6.1536752348585622e-03	2.4422817929944845e-03	3.7113934418640782e-03
93                      	3.1221558052854931e-01	1.5296971639222134e-01	1.5924586413632799e-01	7.1344296480130520e-02	-1.3578666557690721e-02	8.4922963037821236e-02	-4.9250814797755983e-02	-3.1380738720533318e-03	-7.2982955276035320e-04	5.5450015818957745e-03	2.0426712381875337e-03	3.5023303437082404e-03
94                      	3.1032721659614937e-01	1.5167200813068185e-01	1.5865520846546755e-01	6.2513018768997342e-02	-1.7642743121967057e-02	8.0155761890964392e-02	-4.8899252506465728e-02	-3.4916001673928445e-03	-6.7468017542893948e-04	5.1435273410747259e-03	1.8970834951084234e-03	3.2464438459663021e-03
95                      	3.0825475637732519e-01	1.5029365839860698e-01	1.5796109797871818e-01	5.4062661934105208e-02	-2.2400263079810381e-02	7.6462925013915578e-02	-4.9431594046862981e-02	-3.8337197900555993e-03	-4.8212921916020667e-04	5.1184412153874679e-03	2.0770913885335275e-03	3.0413498268539408e-03
96                      	3.0600025757622668e-01	1.4878274167550196e-01	1.5721751590072472e-01	4.6621028235849266e-02	-2.7712086993608470e-02	7.4333115229457750e-02	-5.1022601111533110e-02	-4.2173871126113564e-03	-2.2187287505657773e-04	5.5977922771050688e-03	2.5770232634959567e-03	3.0207690136091121e-03
97                      	3.0352453431207493e-01	1.4705297559009473e-01	1.5647155872198021e-01	4.1092804824055654e-02	-3.2872640468621206e-02	7.3965445292676874e-02	-5.3419042880649033e-02	-4.7092915659427527e-03	6.8587729472086671e-05	6.7167389885651602e-03	3.4269572237546667e-03	3.2897817648104930e-03
98                      	3.0080328763270875e-01	1.4510362956714729e-01	1.5569965806556149e-01	3.8287351238163889e-02	-3.7111825577458749e-02	7.5399176815622637e-02	-5.6255501196540693e-02	-5.2980142492071074e-03	3.7011060075496378e-04	8.3924600352766592e-03	4.5663406183932944e-03	3.8261194168833657e-03
99                      	2.9797613358765174e-01	1.4311074662018233e-01	1.5486538696746938e-01	3.8719512534925130e-02	-3.9599984557787148e-02	7.8319497092712270e-02	-5.8959740825249712e-02	-5.8773201736435111e-03	7.1600240774840783e-04	1.0312975220796959e-02	5.8724900181468878e-03	4.4404852026500722e-03
100                     	2.9532154410776462e-01	1.4135185744892786e-01	1.5396968665883676e-01	4.2169795524251048e-02	-3.9913433087634224e-02	8.2083228611885273e-02	-6.0998330849759745e-02	-6.3089146049544560e-03	1.1571425643712796e-03	1.2158554077391474e-02	7.2364196030670165e-03	4.9221344743244572e-03
101                     	2.9298052827094906e-01	1.3998646257975797e-01	1.5299406569119112e-01	4.8108218688648910e-02	-3.8253813745480689e-02	8.6362032434129599e-02	-6.2307923089805137e-02	-6.5038015557165804e-03	1.7627780633428273e-03	1.3757014974115965e-02	8.6412855504008103e-03	5.1157294237151553e-03
102                     	2.9102579088874808e-01	1.3906236950486187e-01	1.5196342138388624e-01	5.5589988198584170e-02	-3.5581041429473340e-02	9.1171029628057496e-02	-6.3376035528765418e-02	-6.4505259395122045e-03	2.5680570047305140e-03	1.5057959071092893e-02	1.0097036540276961e-02	4.9609225308159324e-03
103                     	2.8953586374816509e-01	1.3854276068014520e-01	1.5099310306801988e-01	6.3140511308859920e-02	-3.2972390362566800e-02	9.6112901671426720e-02	-6.4542646016996760e-02	-6.2251711939373530e-03	3.5820647665477760e-03	1.6105267187094971e-02	1.1634698360095262e-02	4.4705688269997086e-03
104                     	2.8858308378002340e-01	1.3835161347671970e-01	1.5023147030330369e-01	7.0089719505007225e-02	-3.0813923058906692e-02	1.0090364256391392e-01	-6.5858782811410305e-02	-5.9399284132919845e-03	4.6746698242953761e-03	1.7068814087059389e-02	1.3209076867825071e-02	3.8597372192343184e-03
105                     	2.8807629463859918e-01	1.3835778593518958e-01	1.4971850870340961e-01	7.6275244527367864e-02	-2.9157180182649414e-02	1.0543242471001728e-01	-6.7294802446333346e-02	-5.6803613841100225e-03	5.6953415163504273e-03	1.7994995564258497e-02	1.4692839298479674e-02	3.3021562657788214e-03
106                     	2.8794687148026316e-01	1.3850693081888513e-01	1.4943994066137806e-01	8.1699062062057945e-02	-2.7795745822425798e-02	1.0949480788448375e-01	-6.8645276853454770e-02	-5.4665049212464624e-03	6.5258844068686265e-03	1.8848748543180846e-02	1.5950258678459048e-02	2.8984898647217974e-03
107                     	2.8810292722912340e-01	1.3875990433672458e-01	1.4934302289239881e-01	8.5667390241991673e-02	-2.6936123778391583e-02	1.1260351402038324e-01	-6.9769818899387423e-02	-5.2915592778371026e-03	7.0716810869310004e-03	1.9614889942088046e-02	1.6879126057975025e-02	2.7357638841130224e-03
108                     	2.8835310222748634e-01	1.3900393931659594e-01	1.4934916291089040e-01	8.7467390015175339e-02	-2.6893396742628584e-02	1.1436078675780394e-01	-7.0627091750216253e-02	-5.1726117971472186e-03	7.2577890455753089e-03	2.0434655082973308e-02	1.7475116587061964e-02	2.9595384959113457e-03
109                     	2.8853999344843406e-01	1.3914769483572934e-01	1.4939229861270470e-01	8.7158281900747245e-02	-2.7601380046815588e-02	1.1475966194756285e-01	-7.1180520997189217e-02	-5.1223018884876846e-03	7.0461917157560840e-03	2.1400754617819952e-02	1.7746569024666065e-02	3.6541855931538927e-03
110                     	2.8853029409853193e-01	1.3914921277324721e-01	1.4938108132528469e-01	8.5175571728774505e-02	-2.8753624520305388e-02	1.1392919624907991e-01	-7.1341410384692647e-02	-5.1159342760187408e-03	6.4471031145495669e-03	2.2425069770863074e-02	1.7659637999981104e-02	4.7654317708819690e-03
111                     	2.8825886087489183e-01	1.3901388931022268e-01	1.4924497156466915e-01	8.1730761881868716e-02	-3.0222446739674676e-02	1.1195320862154340e-01	-7.1087827680609034e-02	-5.1155411272232366e-03	5.5199592969055016e-03	2.3326596012029372e-02	1.7183257302920189e-02	6.1433387091091836e-03
112                     	2.8779118374947255e-01	1.3874686463684496e-01	1.4904431911262755e-01	7.7239554532814586e-02	-3.1825063208683092e-02	1.0906461774149767e-01	-7.0444840475090392e-02	-5.1487272378913027e-03	4.3852702547477283e-03	2.3953597450668059e-02	1.6362068980081756e-02	7.5915284705863019e-03
113                     	2.8711830426622509e-01	1.3826712733701124e-01	1.4885117692921387e-01	7.2662533114906502e-02	-3.3285136508794985e-02	1.0594766962370147e-01	-6.9616403066248236e-02	-5.2920247961013014e-03	3.1617271635563000e-03	2.4169241149668699e-02	1.5246347738390649e-02	8.9228934112780475e-03
114                     	2.8616055950134706e-01	1.3751581770440635e-01	1.4864474179694073e-01	6.9237865200726861e-02	-3.4192224110732569e-02	1.0343008931145943e-01	-6.8811156711096000e-02	-5.5644620462671837e-03	1.9776152283848157e-03	2.3844637544509068e-02	1.3899934000639351e-02	9.9447035438697193e-03
115                     	2.8492545829166577e-01	1.3656018198522615e-01	1.4836527630643964e-01	6.7361769818075623e-02	-3.4259088109190414e-02	1.0162085792726604e-01	-6.7939973018228225e-02	-5.9025471606067416e-03	9.4074571938030900e-04	2.2862774753865538e-02	1.2372133096313078e-02	1.0490641657552462e-02
116                     	2.8346715271866335e-01	1.3551418447774116e-01	1.4795296824092219e-01	6.6130626450192270e-02	-3.3984359162985867e-02	1.0011498561317814e-01	-6.7049672388082002e-02	-6.2193918815905145e-03	8.8579171207916368e-05	2.1325219652810937e-02	1.0751188997613386e-02	1.0574030655197552e-02
117                     	2.8195123699320968e-01	1.3448875524737880e-01	1.4746248174583085e-01	6.4921507776592030e-02	-3.3663686394149885e-02	9.8585194170741908e-02	-6.6124440282445907e-02	-6.4868632492260277e-03	-5.9853747757264214e-04	1.9505447151321336e-02	9.1541860980880255e-03	1.0351261053233312e-02
118                     	2.8052495508108310e-01	1.3355150311837954e-01	1.4697345196270359e-01	6.3617249697533781e-02	-3.3397749962376357e-02	9.7014999659910131e-02	-6.5206374811143247e-02	-6.7109744221620074e-03	-1.1847819365364313e-03	1.7727483430641736e-02	7.6789597787844362e-03	1.0048523651857299e-02
119                     	2.7933521593711158e-01	1.3279558198062663e-01	1.4653963395648495e-01	6.2023884354529699e-02	-3.3426834501317178e-02	9.5450718855846869e-02	-6.4438776678582027e-02	-6.8720259879291633e-03	-1.7648662993966101e-03	1.6260306867978448e-02	6.3652871345926147e-03	9.8950197333858344e-03
120                     	2.7859897405461026e-01	1.3233633013538040e-01	1.4626264391922988e-01	5.9927500667178987e-02	-3.3882373267973963e-02	9.3809873935152957e-02	-6.3846123601563470e-02	-6.9631568919247475e-03	-2.4426182434908032e-03	1.5261753191394932e-02	5.1882583522066634e-03	1.0073494839188268e-02
121                     	2.7847582200284626e-01	1.3222183260299891e-01	1.4625398939984738e-01	5.7682575181959288e-02	-3.4415996773104418e-02	9.2098571955063713e-02	-6.3257284364084065e-02	-7.0160783984242288e-03	-3.2818927308363166e-03	1.4813775392109730e-02	4.1249949652185473e-03	1.0688780426891182e-02
122                     	2.7895300481461072e-01	1.3244178354175398e-01	1.4651122127285676e-01	5.5663907187232811e-02	-3.4821712334102695e-02	9.0485619521335506e-02	-6.2653665927719107e-02	-7.0347188655513820e-03	-4.2154778743714819e-03	1.4766349292747788e-02	3.1676967720024119e-03	1.1598652520745377e-02
123                     	2.7997059243784911e-01	1.3296257277123510e-01	1.4700801966661403e-01	5.3501194778647856e-02	-3.5465022787073933e-02	8.8966217565721789e-02	-6.2215620176397861e-02	-7.0227234476894660e-03	-5.1301171753827309e-03	1.4825838445271302e-02	2.2828020472529199e-03	1.2543036398018383e-02
124                     	2.8147336463185768e-01	1.3374137611800069e-01	1.4773198851385699e-01	5.0854785177315905e-02	-3.6714361811033464e-02	8.7569146988349375e-02	-6.2141754399691426e-02	-6.9953061979281554e-03	-5.9065798324404260e-03	1.4698357190153805e-02	1.4425987626364763e-03	1.3255758427517328e-02
125                     	2.8333323548999623e-01	1.3468265833986262e-01	1.4865057715013358e-01	4.7729824680803189e-02	-3.8750029869852230e-02	8.6479854550655433e-02	-6.2614942210253821e-02	-6.9839594051354734e-03	-6.5023549308545108e-03	1.4182668023179391e-02	5.8897908073518536e-04	1.3593688942444206e-02
126                     	2.8534905546683992e-01	1.3565535268811096e-01	1.4969370277872895e-01	4.4366730727919607e-02	-4.1640090479442504e-02	8.6006821207362111e-02	-6.3823455843402307e-02	-7.0191750453089952e-03	-6.9586003794447999e-03	1.3222968022649719e-02	-3.4711636811994063e-04	1.3570084390769659e-02
127                     	2.8717730703098482e-01	1.3648160427631453e-01	1.5069570275467031e-01	4.1316476121682301e-02	-4.5197340767536481e-02	8.6513816889218789e-02	-6.5855578828377642e-02	-7.1070492391778831e-03	-7.3377360905069302e-03	1.1872488549472929e-02	-1.4014918157704650e-03	1.3273980365243396e-02
128                     	2.8854150734608519e-01	1.3705622998151321e-01	1.5148527736457199e-01	3.9434215330577650e-02	-4.8818492537414437e-02	8.8252707867992081e-02	-6.8535600202703259e-02	-7.2145236915293837e-03	-7.6316228935657702e-03	1.0241164242972164e-02	-2.5110407720796879e-03	1.2752205015051851e-02
129                     	2.8933641688316686e-01	1.3740263417308637e-01	1.5193378271008046e-01	3.9136957988066441e-02	-5.2015838501028686e-02	9.1152796489095134e-02	-7.1584317495061903e-02	-7.2655742684970392e-03	-7.7679436342865515e-03	8.4934188097633059e-03	-3.5212342294048985e-03	1.2014653039168204e-02
130                     	2.8958278566003026e-01	1.3759527580936054e-01	1.5198750985066972e-01	4.0370685074418808e-02	-5.4534815853495150e-02	9.4905500927913958e-02	-7.4720158390704547e-02	-7.1961170206545910e-03	-7.6666162721860213e-03	6.7742323278150544e-03	-4.2795001082784950e-03	1.1053732436093549e-02
131                     	2.8944305972963957e-01	1.3775620776746395e-01	1.5168685196217560e-01	4.3667467151468492e-02	-5.6027451862546387e-02	9.9694919014014879e-02	-7.7861185438280633e-02	-6.9653220973558286e-03	-7.3362097472603376e-03	5.2476406361976445e-03	-4.7123894291615153e-03	9.9600300653591607e-03
132                     	2.8912017311970334e-01	1.3795816415299914e-01	1.5116200896670418e-01	4.9114324318091561e-02	-5.6466112831220466e-02	1.0558043714931203e-01	-8.1023274990266250e-02	-6.6019224068525357e-03	-6.8433569616856245e-03	4.2016198008700146e-03	-4.7425470612506172e-03	8.9441668621206300e-03
133                     	2.8871857779353655e-01	1.3821555788253156e-01	1.5050301991100498e-01	5.6513849352157822e-02	-5.5978654830295786e-02	1.1249250418245363e-01	-8.4235579506374711e-02	-6.1437310142367068e-03	-6.2691342329925280e-03	3.7852593707557178e-03	-4.3765045476146696e-03	8.1617639183703856e-03
134                     	2.8829169337317967e-01	1.3852534775461670e-01	1.4976634561856295e-01	6.5160114224072960e-02	-5.4872195272585661e-02	1.2003230949665861e-01	-8.7452252384622134e-02	-5.6204989319731261e-03	-5.6707017711195738e-03	4.0012093227126122e-03	-3.6700971097632677e-03	7.6713064324758799e-03
135                     	2.8788276941020563e-01	1.3883653665177775e-01	1.4904623275842788e-01	7.3748521466206723e-02	-5.3662257100423418e-02	1.2741077856663016e-01	-9.0536517833526786e-02	-5.1048480533250730e-03	-5.0840073404048204e-03	4.8349414570588584e-03	-2.6665366118753917e-03	7.5014780689342496e-03
136                     	2.8748165945936127e-01	1.3907212655474424e-01	1.4840953290461703e-01	8.1068048049080396e-02	-5.2797823170792270e-02	1.3386587121987267e-01	-9.3331847195332468e-02	-4.6687031749364106e-03	-4.5247917168417312e-03	6.0738809721218772e-03	-1.4878512307807928e-03	7.5617322029026711e-03
137                     	2.8711418552066187e-01	1.3925653448744352e-01	1.4785765103321835e-01	8.6340720555748429e-02	-5.2323638222427048e-02	1.3866435877817548e-01	-9.5493998500301269e-02	-4.3005582728874309e-03	-3.9944470750775682e-03	7.3662043628264897e-03	-3.1134489366432350e-04	7.6775492564908126e-03
138                     	2.8681385085471928e-01	1.3947361574248648e-01	1.4734023511223282e-01	8.9341322307820062e-02	-5.1950153075264641e-02	1.4129147538308467e-01	-9.6620814229174665e-02	-3.9333096848731715e-03	-3.5304133060320817e-03	8.3620001083861487e-03	6.5058674816099267e-04	7.7114133602251556e-03
139                     	2.8662617692149034e-01	1.3979640730876253e-01	1.4682976961272781e-01	9.0334201707827813e-02	-5.1265630988735079e-02	1.4159983269656290e-01	-9.6432731842648986e-02	-3.5166811519826420e-03	-3.1767549316300690e-03	8.8563105914129820e-03	1.2514003640764220e-03	7.6049102273365605e-03
140                     	2.8658265829854929e-01	1.4028086217464486e-01	1.4630179612390443e-01	8.9941200376603525e-02	-5.0027261394515882e-02	1.3996846177111941e-01	-9.4997861582817644e-02	-3.0104669746297860e-03	-2.9787464073416951e-03	8.8024274535015538e-03	1.4224673194090823e-03	7.3799601340924720e-03
141                     	2.8679887122063313e-01	1.4091546398801183e-01	1.4588340723262130e-01	8.8254401002378399e-02	-4.8767913489559167e-02	1.3702231449193758e-01	-9.2895113990748360e-02	-2.4839716223047470e-03	-2.9389370043594286e-03	8.2280296878493916e-03	1.1750778395652672e-03	7.0529518482841244e-03
142                     	2.8732566162522183e-01	1.4169120876613561e-01	1.4563445285908622e-01	8.6175623850219166e-02	-4.7556914775818700e-02	1.3373253862603787e-01	-9.0644726700928283e-02	-1.9716220464752973e-03	-3.0272645351624222e-03	7.1805604407044745e-03	5.6301568518981498e-04	6.6175447555146599e-03
143                     	2.8809212887623636e-01	1.4253494455491256e-01	1.4555718432132378e-01	8.4600544780200876e-02	-4.6325158742706790e-02	1.3092570352290767e-01	-8.8625431132807228e-02	-1.5111198832056124e-03	-3.1695383977427935e-03	5.8181687091806667e-03	-2.6045404315246036e-04	6.0786227523331269e-03
144                     	2.8893179477917252e-01	1.4333184239900490e-01	1.4559995238016760e-01	8.4004519350384360e-02	-4.5009905844131247e-02	1.2901442519451559e-01	-8.7012165519323420e-02	-1.1340549905813513e-03	-3.2669576712385795e-03	4.3099438482695667e-03	-1.1119857471037964e-03	5.4219295953733624e-03
145                     	2.8970859742995086e-01	1.4401328950427911e-01	1.4569530792567176e-01	8.4707405201933234e-02	-4.3372571764236797e-02	1.2807997696617002e-01	-8.5726274365203414e-02	-8.4100921069632138e-04	-3.2712361900110766e-03	2.7899719676599405e-03	-1.8762502061811066e-03	4.6662221738410468e-03
146                     	2.9037866155714714e-01	1.4455916427431048e-01	1.4581949728283666e-01	8.6623732632506445e-02	-4.1298728271886700e-02	1.2792246090439313e-01	-8.4610594588139923e-02	-6.3016650426307914e-04	-3.1691995687261770e-03	1.4267093746235487e-03	-2.4558448814144024e-03	3.8825542560379516e-03
147                     	2.9092931098962921e-01	1.4498596386970730e-01	1.4594334711992191e-01	8.9558342956522277e-02	-3.8835110290600952e-02	1.2839345324712323e-01	-8.3614281768862098e-02	-4.7869162510730631e-04	-3.0310564886737042e-03	3.3987975001856919e-04	-2.8611166136644200e-03	3.2009963636829889e-03
148                     	2.9133814563808508e-01	1.4532927037392901e-01	1.4600887526415607e-01	9.3280972327205031e-02	-3.6104276584004544e-02	1.2938524891120959e-01	-8.2744762747607059e-02	-3.3980244511353408e-04	-2.9597176940874222e-03	-5.5552075027810711e-04	-3.2374780692264759e-03	2.6819573189483686e-03
149                     	2.9163496359070007e-01	1.4563490868367371e-01	1.4600005490702636e-01	9.7178462216651496e-02	-3.3414992344662824e-02	1.3059345456131433e-01	-8.2004223452988578e-02	-1.8257311167631287e-04	-3.0385327833218961e-03	-1.2960396595310657e-03	-3.6865526130874290e-03	2.3905129535563632e-03
150                     	2.9187608238609358e-01	1.4592312017980763e-01	1.4595296220628595e-01	1.0042937361264589e-01	-3.1342183564372891e-02	1.3177155717701880e-01	-8.1556870370695839e-02	-1.4921013239160532e-05	-3.2603068979036509e-03	-1.8354604626071569e-03	-4.1780371292072290e-03	2.3425766666000723e-03
