# Force and moment coefficients
# dragDir               : (1.0000000000000000e+00 0.0000000000000000e+00 0.0000000000000000e+00)
# sideDir               : (0.0000000000000000e+00 1.0000000000000000e+00 0.0000000000000000e+00)
# liftDir               : (0.0000000000000000e+00 0.0000000000000000e+00 1.0000000000000000e+00)
# rollAxis              : (1.0000000000000000e+00 0.0000000000000000e+00 0.0000000000000000e+00)
# pitchAxis             : (0.0000000000000000e+00 1.0000000000000000e+00 0.0000000000000000e+00)
# yawAxis               : (0.0000000000000000e+00 0.0000000000000000e+00 1.0000000000000000e+00)
# magUInf               : 3.8889000000000003e+01
# lRef                  : 2.7861799999999999e+00
# Aref                  : 2.1699999999999999e+00
# CofR                  : (1.4000900000000001e+00 0.0000000000000000e+00 -3.1759999999999999e-01)
#
# Time                  	Cd                      	Cd(f)                   	Cd(r)                   	Cl                      	Cl(f)                   	Cl(r)                   	CmPitch                 	CmRoll                  	CmYaw                   	Cs                      	Cs(f)                   	Cs(r)                   
1                       	1.1991912118048833e+00	6.0010146307682755e-01	5.9908974872805587e-01	-6.4024697333027203e-01	-8.1400839414304954e-02	-5.5884613391596716e-01	2.3872264725083109e-01	5.0585717438581543e-04	4.3736377701232678e-03	-8.2011097386816157e-03	2.7308290078245976e-04	-8.4741926394640774e-03
2                       	6.6565632381706008e-01	3.3029735554616863e-01	3.3535896827089151e-01	-4.3907455303946552e-01	-2.0324976033518857e-01	-2.3582479270427695e-01	1.6287516184544173e-02	-2.5308063623614070e-03	3.0546788482877815e-03	4.8156717425379301e-03	5.4625147195567466e-03	-6.4684297701881645e-04
3                       	3.9361690229170343e-01	1.9403472371844646e-01	1.9958217857325700e-01	-3.3612860790497240e-01	-2.1675458755182678e-01	-1.1937402035314564e-01	-4.8690283599340571e-02	-2.7737274274052524e-03	3.5506689189350174e-03	6.6250383269862382e-03	6.8631880824281365e-03	-2.3814975544189827e-04
4                       	3.1866271114301292e-01	1.5641575987026796e-01	1.6224695127274494e-01	-3.3264442887446077e-01	-2.2977509587077158e-01	-1.0286933300368921e-01	-6.3452881433541192e-02	-2.9155957012384848e-03	3.8542669309916677e-03	6.5777091103076599e-03	7.1431214861454977e-03	-5.6541237583783779e-04
5                       	3.2076754299203120e-01	1.5698225483102096e-01	1.6378528816101026e-01	-3.6771426757556530e-01	-2.4601335545497824e-01	-1.2170091212058705e-01	-6.2156221667195602e-02	-3.4015166649946690e-03	4.2453517854040531e-03	7.2613016002861883e-03	7.8760025855471472e-03	-6.1470098526095879e-04
6                       	3.4815957498304645e-01	1.6999251996561662e-01	1.7816705501742980e-01	-4.0052292220844160e-01	-2.5700268507226431e-01	-1.4352023713617729e-01	-5.6741223968043521e-02	-4.0872675259065851e-03	4.7683574787049880e-03	8.5781629484501503e-03	9.0574389529300640e-03	-4.7927600447991324e-04
7                       	3.7890821774916633e-01	1.8485115896333151e-01	1.9405705878583482e-01	-4.1947904424415988e-01	-2.6009456077677923e-01	-1.5938448346738063e-01	-5.0355038654699306e-02	-4.6029499112516482e-03	5.3441474875219790e-03	9.7865264639884625e-03	1.0237410719516209e-02	-4.5088425552774797e-04
8                       	4.0437146177693661e-01	1.9726425864025379e-01	2.0710720313668282e-01	-4.1762376870678009e-01	-2.5455105595787425e-01	-1.6307271274890583e-01	-4.5739171604484194e-02	-4.9214722482145180e-03	5.7239553470580361e-03	1.0550775595206117e-02	1.0999343144661094e-02	-4.4856754945497791e-04
9                       	4.2220760538952185e-01	2.0601976255279428e-01	2.1618784283672757e-01	-3.9397114073731310e-01	-2.4061514525896069e-01	-1.5335599547835241e-01	-4.3629574890304126e-02	-5.0840401419666500e-03	5.7955985643013816e-03	1.0853005000447204e-02	1.1222101064524983e-02	-3.6909606407777983e-04
10                      	4.3416848815295844e-01	2.1208448817477774e-01	2.2208399997818071e-01	-3.5751061906641363e-01	-2.2346847322870445e-01	-1.3404214583770918e-01	-4.4713163695497646e-02	-4.9997559017014668e-03	5.5621777241052677e-03	1.0607840327012157e-02	1.0866097887611345e-02	-2.5825756059918883e-04
11                      	4.4222399609365032e-01	2.1632900909893668e-01	2.2589498699471364e-01	-3.1572220935100859e-01	-2.0570979075202223e-01	-1.1001241859898635e-01	-4.7848686076517925e-02	-4.7829889478884875e-03	5.0114222603690334e-03	1.0003125879948347e-02	1.0012985200343208e-02	-9.8593203948600043e-06
12                      	4.4651569174703037e-01	2.1864101545767625e-01	2.2787467628935409e-01	-2.7546424873573039e-01	-1.8982643068338456e-01	-8.5637818052345813e-02	-5.2094306315519361e-02	-4.6168304158389186e-03	4.3875556321167266e-03	9.5228706102705053e-03	9.1489909372519801e-03	3.7387967301852625e-04
13                      	4.4833545951508946e-01	2.1965155585632093e-01	2.2868390365876853e-01	-2.4049882227489058e-01	-1.7543058807177817e-01	-6.5068234203112432e-02	-5.5181176934332866e-02	-4.5161739012237884e-03	3.7395501057898126e-03	9.0615040527113784e-03	8.2703021321455031e-03	7.9120192056587641e-04
14                      	4.4785790370972911e-01	2.1952295236317046e-01	2.2833495134655865e-01	-2.1379684886558051e-01	-1.6332955974402844e-01	-5.0467289121552093e-02	-5.6431135311238161e-02	-4.4059994916940933e-03	3.1326468018098054e-03	8.5398978200462543e-03	7.4025957118329317e-03	1.1373021082133213e-03
15                      	4.4625528125763969e-01	2.1889963469204735e-01	2.2735564656559237e-01	-1.9438890649450097e-01	-1.5395459263166056e-01	-4.0434313862840396e-02	-5.6760139384410095e-02	-4.2280059367725102e-03	2.6682488171741263e-03	8.0002559085448031e-03	6.6683767714465275e-03	1.3318791370982752e-03
16                      	4.4464692637103220e-01	2.1835210081966755e-01	2.2629482555136463e-01	-1.7992899506394225e-01	-1.4655498899741995e-01	-3.3374006066522278e-02	-5.6590491465448846e-02	-3.9713623658485320e-03	2.4306781068815075e-03	7.4421747565942995e-03	6.1517654851786568e-03	1.2904092714156425e-03
17                      	4.4349898946239563e-01	2.1813573265417532e-01	2.2536325680822034e-01	-1.6527487593850856e-01	-1.3960933139733120e-01	-2.5665544541177369e-02	-5.6971893428076910e-02	-3.6137620770225107e-03	2.2747108246103848e-03	6.9575333272650910e-03	5.7534774882429304e-03	1.2040558390221607e-03
18                      	4.4260238907437910e-01	2.1806471168347777e-01	2.2453767739090133e-01	-1.4775684580744236e-01	-1.3206748308033808e-01	-1.5689362727104313e-02	-5.8189060176616875e-02	-3.2364828537117846e-03	2.1985036493460289e-03	6.6615818601826566e-03	5.5292945794373563e-03	1.1322872807452990e-03
19                      	4.4216880003531145e-01	2.1821303354840024e-01	2.2395576648691123e-01	-1.2710997761489137e-01	-1.2367787855999680e-01	-3.4320990548945755e-03	-6.0122889752551111e-02	-2.8713664692554789e-03	2.2508812356446398e-03	6.4941647128336022e-03	5.4979635920614405e-03	9.9620112077216131e-04
20                      	4.4237042568579910e-01	2.1865817298048754e-01	2.2371225270531156e-01	-1.0323324298042945e-01	-1.1420497672841887e-01	1.0971733747989423e-02	-6.2588355238204149e-02	-2.5270398624120142e-03	2.4139023329309826e-03	6.3849085790401343e-03	5.6063566224510497e-03	7.7855195658908447e-04
21                      	4.4295342674020954e-01	2.1913306117037507e-01	2.2382036556983445e-01	-7.6783747698685734e-02	-1.0346557186229366e-01	2.6681824163607936e-02	-6.5073698012950806e-02	-2.3436521997296828e-03	2.6921367178029390e-03	6.5502573686236952e-03	5.9672654021147870e-03	5.8299196650890876e-04
22                      	4.4349879606757081e-01	2.1935738091645524e-01	2.2414141515111558e-01	-5.0527459178294376e-02	-9.2162407526884468e-02	4.1634948348590099e-02	-6.6898677937737294e-02	-2.3920171173301731e-03	3.0202992029048446e-03	7.2546741018932560e-03	6.6476362538514721e-03	6.0703784804178333e-04
23                      	4.4366630452837696e-01	2.1919308638917445e-01	2.2447321813920249e-01	-2.6888380279572851e-02	-8.0825465179539341e-02	5.3937084899966500e-02	-6.7381275039752928e-02	-2.6400658750140127e-03	3.3620338596611378e-03	8.6047249963751953e-03	7.6643963578487354e-03	9.4032863852645972e-04
24                      	4.4298958718347675e-01	2.1853920667144447e-01	2.2445038051203225e-01	-4.2601055185093935e-03	-6.9153505160035392e-02	6.4893399641526003e-02	-6.7023452400780698e-02	-2.9555869202938950e-03	3.8010394859666567e-03	1.0435285598229727e-02	9.0186822850815210e-03	1.4166033131482070e-03
25                      	4.4198224312755136e-01	2.1765642627017553e-01	2.2432581685737582e-01	1.6297439131274447e-02	-5.8988945098774948e-02	7.5286384230049408e-02	-6.7137664664412178e-02	-3.3346952936001389e-03	4.4855814319977047e-03	1.2724232900420900e-02	1.0847697882208155e-02	1.8765350182127444e-03
26                      	4.4147925038855035e-01	2.1687516961002939e-01	2.2460408077852093e-01	3.3363616893924142e-02	-5.1489845564532580e-02	8.4853462458456708e-02	-6.8171654011494651e-02	-3.8644555842457648e-03	5.3315640238264777e-03	1.5352080701116192e-02	1.3007604374384574e-02	2.3444763267316182e-03
27                      	4.4121625354716354e-01	2.1612930030126082e-01	2.2508695324590269e-01	4.5989384997360966e-02	-4.6536587576905125e-02	9.2525972574266105e-02	-6.9531280075585608e-02	-4.4788264723209488e-03	6.2974211029771902e-03	1.7844481780877865e-02	1.5219661993416123e-02	2.6248197874617421e-03
28                      	4.4099851492121755e-01	2.1547749082751447e-01	2.2552102409370309e-01	5.1838063545931214e-02	-4.4866063778612422e-02	9.6704127324543629e-02	-7.0785095551578026e-02	-5.0217666330943014e-03	7.0420300598408531e-03	1.9761290121203260e-02	1.6922675120442481e-02	2.8386150007607774e-03
29                      	4.4069126005621201e-01	2.1494137813260916e-01	2.2574988192360285e-01	5.1449143624378559e-02	-4.6500055712840119e-02	9.7949199337218684e-02	-7.2224627525029395e-02	-5.4042518954968291e-03	7.4821158552518720e-03	2.0741280856522798e-02	1.7852756283513269e-02	2.8885245730095261e-03
30                      	4.3988160268202658e-01	2.1437997415108653e-01	2.2550162853094005e-01	4.9203154516514330e-02	-4.9404689772556562e-02	9.8607844289070892e-02	-7.4006267030813727e-02	-5.5608271899267444e-03	7.4303432295376223e-03	2.0820828884295060e-02	1.7840757671685151e-02	2.9800712126099075e-03
31                      	4.3867115500311499e-01	2.1383420897114322e-01	2.2483694603197177e-01	4.7399817954380648e-02	-5.1903892743744087e-02	9.9303710698124728e-02	-7.5603801720934408e-02	-5.5013685304142650e-03	6.8406456407736427e-03	1.9924366256031546e-02	1.6802828768789416e-02	3.1215374872421301e-03
32                      	4.3709086376183170e-01	2.1307808868128861e-01	2.2401277508054310e-01	4.4946717575621034e-02	-5.3894972889121665e-02	9.8841690464742699e-02	-7.6368331676932175e-02	-5.4673431996272422e-03	5.9494725064691487e-03	1.8475421470681510e-02	1.5187183241809904e-02	3.2882382288716059e-03
33                      	4.3538201529919196e-01	2.1221172551545484e-01	2.2317028978373715e-01	4.1844574901992074e-02	-5.5175814644935768e-02	9.7020389546927835e-02	-7.6098102095931805e-02	-5.4792821341411524e-03	4.9126143982326682e-03	1.6879576298196107e-02	1.3352402547330722e-02	3.5271737508653861e-03
34                      	4.3384285473556061e-01	2.1148808179161205e-01	2.2235477294394856e-01	4.1182236099977190e-02	-5.4817257706298674e-02	9.5999493806275857e-02	-7.5408375756287269e-02	-5.4333455761682555e-03	3.8312723765155481e-03	1.5370357743412220e-02	1.1516451248221657e-02	3.8539064951905620e-03
35                      	4.3267149342198641e-01	2.1111406803245247e-01	2.2155742538953396e-01	4.3968387829710381e-02	-5.3145151532152546e-02	9.7113539361862913e-02	-7.5129345447007737e-02	-5.2216786785407249e-03	2.8525189826071229e-03	1.4028588245401640e-02	9.8668131053079432e-03	4.1617751400936974e-03
36                      	4.3236003072775947e-01	2.1145416857113727e-01	2.2090586215662217e-01	4.8066128578583313e-02	-5.0879296906564266e-02	9.8945425485147578e-02	-7.4912361195855925e-02	-4.7258467927424547e-03	2.0936235559474094e-03	1.2941251758489503e-02	8.5642494351921596e-03	4.3770023232973425e-03
37                      	4.3312183964275336e-01	2.1237797588767729e-01	2.2074386375507604e-01	5.1286327765790223e-02	-4.9252901922749406e-02	1.0053922968853964e-01	-7.4896065805644521e-02	-4.1829439336993693e-03	1.7382736042187313e-03	1.2349818106057972e-02	7.9131826572477176e-03	4.4366354488102550e-03
38                      	4.3455420450072596e-01	2.1353557975189155e-01	2.2101862474883438e-01	5.2083531490355807e-02	-4.9314274928926698e-02	1.0139780641928250e-01	-7.5356040674104605e-02	-3.7415224984714145e-03	1.8220333672472170e-03	1.2425379807921572e-02	8.0347232712080028e-03	4.3906565367135691e-03
39                      	4.3638870457514767e-01	2.1459269384414173e-01	2.2179601073100594e-01	5.0303305805357558e-02	-5.0568242957164715e-02	1.0087154876252227e-01	-7.5719895859843497e-02	-3.6016584434321128e-03	2.2184274323729719e-03	1.3216033234011711e-02	8.8264440493788284e-03	4.3895891846328829e-03
40                      	4.3806006706834949e-01	2.1528277688496722e-01	2.2277729018338227e-01	4.7229518936183948e-02	-5.1530094326079370e-02	9.8759613262263318e-02	-7.5144853794171337e-02	-3.7472566492075419e-03	2.7452993890883879e-03	1.4278536379691547e-02	9.8845675789341614e-03	4.3939688007573856e-03
