# Force and moment coefficients
# dragDir               : (1.0000000000000000e+00 0.0000000000000000e+00 0.0000000000000000e+00)
# sideDir               : (0.0000000000000000e+00 1.0000000000000000e+00 0.0000000000000000e+00)
# liftDir               : (0.0000000000000000e+00 0.0000000000000000e+00 1.0000000000000000e+00)
# rollAxis              : (1.0000000000000000e+00 0.0000000000000000e+00 0.0000000000000000e+00)
# pitchAxis             : (0.0000000000000000e+00 1.0000000000000000e+00 0.0000000000000000e+00)
# yawAxis               : (0.0000000000000000e+00 0.0000000000000000e+00 1.0000000000000000e+00)
# magUInf               : 3.8889000000000003e+01
# lRef                  : 2.7861799999999999e+00
# Aref                  : 2.1699999999999999e+00
# CofR                  : (1.4000900000000001e+00 0.0000000000000000e+00 -3.1759999999999999e-01)
#
# Time                  	Cd                      	Cd(f)                   	Cd(r)                   	Cl                      	Cl(f)                   	Cl(r)                   	CmPitch                 	CmRoll                  	CmYaw                   	Cs                      	Cs(f)                   	Cs(r)                   
1                       	1.0939170146593304e+00	5.3932895763653244e-01	5.5458805702279790e-01	-4.6048107727926618e-01	-6.9636528019598992e-02	-3.9084454925966722e-01	1.6060401062003410e-01	-7.6295496931328005e-03	1.1227252872468702e-02	1.7483335009436107e-02	1.9968920377186759e-02	-2.4855853677506479e-03
2                       	7.9605415105100852e-01	3.9049140073003752e-01	4.0556275032097105e-01	-5.5021515434138935e-01	-2.4302325277626641e-01	-3.0719190156512294e-01	3.2084324394428279e-02	-7.5356747954667784e-03	7.7400816798359707e-03	1.7664718380855763e-02	1.6572440870263851e-02	1.0922775105919099e-03
3                       	4.6148006350159798e-01	2.2580605476785134e-01	2.3567400873374661e-01	-4.8599154803762629e-01	-2.9682958918933311e-01	-1.8916195884829315e-01	-5.3833815170519987e-02	-4.9339769829476222e-03	4.0191777833899741e-03	9.3206168280719343e-03	8.6794861974259421e-03	6.4113063064599306e-04
4                       	3.0125464993833151e-01	1.4747154355765615e-01	1.5378310638067533e-01	-3.8602330242663846e-01	-2.7121491335126741e-01	-1.1480838907537100e-01	-7.8203262137948232e-02	-3.1557814115095975e-03	2.6638022746036643e-03	4.9387963172760610e-03	5.1332004332416952e-03	-1.9440411596563368e-04
5                       	2.7185256508392913e-01	1.3292865131740889e-01	1.3892391376652027e-01	-3.1450920385896874e-01	-2.3167848368018865e-01	-8.2830720178780098e-02	-7.4423881750704288e-02	-2.9976312245556984e-03	3.1822439974498787e-03	5.8709450513465449e-03	6.1177165231231503e-03	-2.4677147177660656e-04
6                       	3.0845159658991206e-01	1.5042857504757912e-01	1.5802302154233294e-01	-3.0339056457453412e-01	-2.1530663752235657e-01	-8.8083927052177505e-02	-6.3611355235089539e-02	-3.7972232473769112e-03	4.4600424465170187e-03	8.9604512800804132e-03	8.9402680865572261e-03	2.0183193523188014e-05
7                       	3.5841335103541078e-01	1.7456184616305523e-01	1.8385150487235555e-01	-3.4382891354092648e-01	-2.2568314894684452e-01	-1.1814576459408196e-01	-5.3768692176381271e-02	-4.6448293546501500e-03	5.6001302739853535e-03	1.1580405812427832e-02	1.1390333180199269e-02	1.9007263222856242e-04
8                       	3.9613179299501988e-01	1.9299269872777353e-01	2.0313909426724636e-01	-3.8997342689497966e-01	-2.4237016267316427e-01	-1.4760326422181538e-01	-4.7383449225674446e-02	-5.0731977697364098e-03	6.1604689231043131e-03	1.2758854509276715e-02	1.2539896177742671e-02	2.1895833153404390e-04
9                       	4.1945878563818872e-01	2.0453159732271101e-01	2.1492718831547772e-01	-4.1170650509483969e-01	-2.5095276348590639e-01	-1.6075374160893333e-01	-4.5099510938486520e-02	-5.1977954963833665e-03	6.2129816654115169e-03	1.2906578166586519e-02	1.2666270748704777e-02	2.4030741788174244e-04
10                      	4.3168636233895463e-01	2.1073384712572596e-01	2.2095251521322870e-01	-3.9847476288414901e-01	-2.4655891842224009e-01	-1.5191584446190892e-01	-4.7321536980165599e-02	-5.1093340437513715e-03	5.9210650288074708e-03	1.2449303465301376e-02	1.2145716761458158e-02	3.0358670384321635e-04
11                      	4.3752575244206682e-01	2.1384091074298356e-01	2.2368484169908326e-01	-3.5647776963083527e-01	-2.3103851788665611e-01	-1.2543925174417914e-01	-5.2799633071238486e-02	-4.9219654780498466e-03	5.4251026272631488e-03	1.1720533115129467e-02	1.1285369184827884e-02	4.3516393030158443e-04
12                      	4.4059381484214738e-01	2.1553549282567364e-01	2.2505832201647374e-01	-2.9961007945355633e-01	-2.0904733253720839e-01	-9.0562746916347955e-02	-5.9242292810430218e-02	-4.7614145954000498e-03	4.8734625034374110e-03	1.1054445406703231e-02	1.0400685206789027e-02	6.5376019991420398e-04
13                      	4.4241900528011396e-01	2.1650139787262629e-01	2.2591760740748770e-01	-2.4170411832707669e-01	-1.8506520308301533e-01	-5.6638915244061359e-02	-6.4213143919476981e-02	-4.7081047674306905e-03	4.3154693528617005e-03	1.0608782912755204e-02	9.6198608092393032e-03	9.8892210351590086e-04
14                      	4.4321166274635326e-01	2.1690333048551427e-01	2.2630833226083899e-01	-1.9516662741616178e-01	-1.6358321059111880e-01	-3.1583416825042988e-02	-6.5999896883037895e-02	-4.7025008876623560e-03	3.8472427524178215e-03	1.0292279864305434e-02	8.9933826845705386e-03	1.2988971797348956e-03
15                      	4.4326732131398705e-01	2.1698041082081360e-01	2.2628691049317348e-01	-1.6530451251522638e-01	-1.4753823770181937e-01	-1.7766274813407014e-02	-6.4885981444206167e-02	-4.6532498361799507e-03	3.5579224426086778e-03	1.0099216011253472e-02	8.6075304482354145e-03	1.4916855630180575e-03
16                      	4.4299309858454311e-01	2.1703910392386944e-01	2.2595399466067367e-01	-1.5125561357508582e-01	-1.3791196877719894e-01	-1.3343644797886897e-02	-6.2284161989656014e-02	-4.4574453684021187e-03	3.5020223193779347e-03	9.8244436927861934e-03	8.4142441657710301e-03	1.4101995270151618e-03
17                      	4.4253364228294378e-01	2.1713752026388641e-01	2.2539612201905737e-01	-1.4658674699641652e-01	-1.3339843780603861e-01	-1.3188309190377919e-02	-6.0105064307830344e-02	-4.1293008775854720e-03	3.5920659737167775e-03	9.4588597521092707e-03	8.3214958497714129e-03	1.1373639023378576e-03
18                      	4.4190633165076504e-01	2.1716765010978353e-01	2.2473868154098148e-01	-1.4285800968284443e-01	-1.3105288077158334e-01	-1.1805128911261092e-02	-5.9623875930161128e-02	-3.7855157155989678e-03	3.8034153109095478e-03	9.1761587399050923e-03	8.3914946808620935e-03	7.8466405904299859e-04
19                      	4.4127690978131684e-01	2.1714570410424808e-01	2.2413120567706873e-01	-1.3361870875513368e-01	-1.2758780079939080e-01	-6.0309079557428844e-03	-6.0778446421823958e-02	-3.4927507864103077e-03	4.1266334575314331e-03	9.0321496990379835e-03	8.6427083070504257e-03	3.8944139198755876e-04
20                      	4.4115029152546503e-01	2.1730007515419558e-01	2.2385021637126948e-01	-1.1626041036054618e-01	-1.2093492733291838e-01	4.6745169723721898e-03	-6.2804722152645293e-02	-3.2750706085369692e-03	4.4698220829662554e-03	8.9949066747684759e-03	8.9672754203504925e-03	2.7631254417982525e-05
21                      	4.4149572053893821e-01	2.1757206035654914e-01	2.2392366018238907e-01	-9.1042174173100454e-02	-1.1059441581796529e-01	1.9552241644864847e-02	-6.5073328731415067e-02	-3.1757999129199735e-03	4.7710552687179565e-03	9.0770757719934748e-03	9.3095931547146939e-03	-2.3251738272121861e-04
22                      	4.4181427122256284e-01	2.1769457116566632e-01	2.2411970005689649e-01	-6.1660399222430988e-02	-9.7761976005853388e-02	3.6101576783422407e-02	-6.6931776394637904e-02	-3.2125644456150806e-03	4.9486299204087418e-03	9.4206887970890163e-03	9.6589743189532482e-03	-2.3828552186423371e-04
23                      	4.4185994790504951e-01	2.1760290944767821e-01	2.2425703845737127e-01	-3.3731012638768910e-02	-8.4578525404662194e-02	5.0847512765893277e-02	-6.7713019085277729e-02	-3.3270645048465303e-03	5.0124772550693766e-03	1.0117118819682767e-02	1.0071036664910762e-02	4.6082154772006623e-05
24                      	4.4158237625466579e-01	2.1722272935512518e-01	2.2435964689954060e-01	-9.7602705633547705e-03	-7.2184706273593469e-02	6.2424435710238708e-02	-6.7304570991916085e-02	-3.5684587722077041e-03	5.1244877893836041e-03	1.1534879785670644e-02	1.0891927682218926e-02	6.4295210345171770e-04
25                      	4.4135673901258565e-01	2.1675600334748377e-01	2.2460073566510189e-01	9.5233786170896544e-03	-6.1542694024074460e-02	7.1066072641164102e-02	-6.6304383332619288e-02	-3.9223661588090614e-03	5.5241670659331695e-03	1.3590627692619419e-02	1.2319480912242879e-02	1.2711467803765396e-03
26                      	4.4165189433636587e-01	2.1645510719803929e-01	2.2519678713832658e-01	2.4377602376121615e-02	-5.3738602598223877e-02	7.8116204974345488e-02	-6.5927403786284686e-02	-4.3708399701436517e-03	6.2552679326289672e-03	1.5980110597821857e-02	1.4245323231539896e-02	1.7347873662819609e-03
27                      	4.4241274716330570e-01	2.1629585966046772e-01	2.2611688750283801e-01	3.6348282425239152e-02	-4.8456256379388156e-02	8.4804538804627308e-02	-6.6630397592007728e-02	-4.9105139211851577e-03	7.0941797222113280e-03	1.8079796116900318e-02	1.6134077780661487e-02	1.9457183362388316e-03
28                      	4.4302885956023669e-01	2.1610415092492105e-01	2.2692470863531561e-01	4.4794861039409856e-02	-4.5673123571245228e-02	9.0467984610655097e-02	-6.8070554090950156e-02	-5.4102788551972803e-03	7.7616605132197133e-03	1.9330663730176799e-02	1.7426992378308113e-02	1.9036713518686855e-03
29                      	4.4316113977146288e-01	2.1576130838086191e-01	2.2739983139060099e-01	4.7782880066537595e-02	-4.6107754707175749e-02	9.3890634773713344e-02	-6.9999194740444554e-02	-5.8192615048695204e-03	8.0840670387521026e-03	1.9917156941798669e-02	1.8042645509651439e-02	1.8745114321472324e-03
30                      	4.4248985781439332e-01	2.1520004759590913e-01	2.2728981021848416e-01	4.5330184736007292e-02	-4.9237669182797691e-02	9.4567853918804984e-02	-7.1902761550801331e-02	-6.0448813112875073e-03	7.8785166474408669e-03	1.9622285442655985e-02	1.7689659368768859e-02	1.9326260738871254e-03
31                      	4.4094856205553695e-01	2.1451012146867393e-01	2.2643844058686302e-01	4.0113244235773782e-02	-5.3227651487962116e-02	9.3340895723735898e-02	-7.3284273605849007e-02	-5.9641595590945399e-03	7.1466655597117006e-03	1.8377430176122016e-02	1.6335380647772711e-02	2.0420495283493068e-03
32                      	4.3893341327269336e-01	2.1386202374607727e-01	2.2507138952661607e-01	3.4495201121520644e-02	-5.6362624649332255e-02	9.0857825770852899e-02	-7.3610225210092570e-02	-5.6046828902693736e-03	6.0332995347567291e-03	1.6483759867471633e-02	1.4275179468492544e-02	2.2085803989790871e-03
33                      	4.3668796524760434e-01	2.1314630380797456e-01	2.2354166143962975e-01	2.9071702140928329e-02	-5.8435619002975704e-02	8.7507321143904027e-02	-7.2971470073439862e-02	-5.1976788158275989e-03	4.7777067643280397e-03	1.4660856937826750e-02	1.2108135233241415e-02	2.5527217045853354e-03
34                      	4.3460363453792211e-01	2.1250249749180541e-01	2.2210113704611670e-01	2.5322849382202580e-02	-5.9259677419544285e-02	8.4582526801746882e-02	-7.1921102110645577e-02	-4.7993197771556409e-03	3.4545080523422961e-03	1.2704402554787483e-02	9.8067093297360391e-03	2.8976932250514460e-03
35                      	4.3318317007247964e-01	2.1224165292882322e-01	2.2094151714365642e-01	2.4491212512490833e-02	-5.8951095795758496e-02	8.3442308308249322e-02	-7.1196702052003916e-02	-4.3499321074166025e-03	2.1393125751832552e-03	1.0684740422029031e-02	7.4816827861977700e-03	3.2030576358312605e-03
36                      	4.3268719053354854e-01	2.1249649006531393e-01	2.2019070046823463e-01	2.6531861874661170e-02	-5.7687372535892088e-02	8.4219234410553248e-02	-7.0953303473222665e-02	-3.8471052014603388e-03	8.3964734512299052e-04	8.9075550050596603e-03	5.2934248476528209e-03	3.6141301574068394e-03
37                      	4.3358903006429278e-01	2.1331781851613019e-01	2.2027121154816259e-01	2.9997544123933829e-02	-5.5752425930725789e-02	8.5749970054659619e-02	-7.0751197992692708e-02	-3.4766965160161934e-03	-1.1233785046760599e-04	7.7246524399110315e-03	3.7499883694879100e-03	3.9746640704231215e-03
38                      	4.3544340488027317e-01	2.1433116472737770e-01	2.2111224015289543e-01	3.2684011765764069e-02	-5.3828882204680767e-02	8.6512893970444829e-02	-7.0170888087562805e-02	-3.3905377127588726e-03	-3.9888434477798108e-04	7.3311522771512712e-03	3.2666917937976543e-03	4.0644604833536165e-03
39                      	4.3751523576678031e-01	2.1516839217946765e-01	2.2234684358731266e-01	3.3058662525380082e-02	-5.2157202428106661e-02	8.5215864953486736e-02	-6.8686533690796706e-02	-3.5892257039225090e-03	-3.0455227858442271e-05	7.8009039648740250e-03	3.8699967545785703e-03	3.9309072102954546e-03
40                      	4.3893232842064450e-01	2.1556881815631579e-01	2.2336351026432871e-01	3.1678817794048526e-02	-5.0376303888677879e-02	8.2055121682726412e-02	-6.6215712785702138e-02	-3.8973460540064706e-03	6.5264341145997488e-04	8.5954988763632008e-03	4.9503928496415755e-03	3.6451060267216253e-03
