# Force and moment coefficients
# dragDir               : (1.0000000000000000e+00 0.0000000000000000e+00 0.0000000000000000e+00)
# sideDir               : (0.0000000000000000e+00 1.0000000000000000e+00 0.0000000000000000e+00)
# liftDir               : (0.0000000000000000e+00 0.0000000000000000e+00 1.0000000000000000e+00)
# rollAxis              : (1.0000000000000000e+00 0.0000000000000000e+00 0.0000000000000000e+00)
# pitchAxis             : (0.0000000000000000e+00 1.0000000000000000e+00 0.0000000000000000e+00)
# yawAxis               : (0.0000000000000000e+00 0.0000000000000000e+00 1.0000000000000000e+00)
# magUInf               : 3.8889000000000003e+01
# lRef                  : 2.7861799999999999e+00
# Aref                  : 2.1699999999999999e+00
# CofR                  : (1.4000900000000001e+00 0.0000000000000000e+00 -3.1759999999999999e-01)
#
# Time                  	Cd                      	Cd(f)                   	Cd(r)                   	Cl                      	Cl(f)                   	Cl(r)                   	CmPitch                 	CmRoll                  	CmYaw                   	Cs                      	Cs(f)                   	Cs(r)                   
1                       	1.2077707944333600e+00	6.0028159136579906e-01	6.0748920306756105e-01	-6.3472426027641937e-01	-8.1968071561379113e-02	-5.5275618871504029e-01	2.3539405857683057e-01	-3.6038058508809736e-03	9.9886225805952515e-03	7.1357857772896245e-03	1.3556515469240065e-02	-6.4207296919504397e-03
2                       	6.6804813587591949e-01	3.3233271049108082e-01	3.3571542538483867e-01	-4.2487176146992700e-01	-1.9463271543585026e-01	-2.3023904603407672e-01	1.7803165299113237e-02	-1.6913574468789339e-03	6.2952703437386976e-03	3.0984618809108671e-03	7.8445012841941320e-03	-4.7460394032832641e-03
3                       	3.9478433114086259e-01	1.9559063762241491e-01	1.9919369351844771e-01	-3.2868238384704612e-01	-2.1335785271522398e-01	-1.1532453113182210e-01	-4.9016660791700944e-02	-1.8015279480163998e-03	4.3041367692709994e-03	2.6437319523435377e-03	5.6260027454427680e-03	-2.9822707930992299e-03
4                       	3.1891151962503300e-01	1.5727468483171289e-01	1.6163683479332014e-01	-3.2491887903101713e-01	-2.2842524987986954e-01	-9.6493629151147564e-02	-6.5965810364360999e-02	-2.1810749808036322e-03	3.9626222899879267e-03	3.4024181591056600e-03	5.6638313695407567e-03	-2.2614132104350972e-03
5                       	3.2084895510855843e-01	1.5771361370848044e-01	1.6313534140007796e-01	-3.5822938337704002e-01	-2.4452549913794239e-01	-1.1370388423909768e-01	-6.5410807449422348e-02	-2.7108638457987405e-03	4.1472362318957347e-03	4.6884511235307106e-03	6.4914617936610904e-03	-1.8030106701303792e-03
6                       	3.4790242010108469e-01	1.7069355382537502e-01	1.7720886627570967e-01	-3.9065391110492026e-01	-2.5558740523943257e-01	-1.3506650586548766e-01	-6.0260449686972438e-02	-3.2576562251673160e-03	4.4742969347998235e-03	6.1026262763718073e-03	7.5256100729857263e-03	-1.4229837966139199e-03
7                       	3.7821186865853562e-01	1.8538390432745216e-01	1.9282796433108346e-01	-4.0794200832805910e-01	-2.5799152952758736e-01	-1.4995047880047174e-01	-5.4020525363557836e-02	-3.7220300018156335e-03	4.8176613709449744e-03	7.4635010113742297e-03	8.5494118766320879e-03	-1.0859108652578591e-03
8                       	4.0323303859833254e-01	1.9757794479711485e-01	2.0565509380121769e-01	-4.0442396961143812e-01	-2.5234396951759214e-01	-1.5208000009384606e-01	-5.0131984711873023e-02	-4.0385745020514105e-03	4.9732483433751629e-03	8.3854097721677047e-03	9.1659532294590153e-03	-7.8054345729130993e-04
9                       	4.2063838658004421e-01	2.0618072201162152e-01	2.1445766456842269e-01	-3.7976280420483449e-01	-2.3934934387878773e-01	-1.4041346032604674e-01	-4.9467941776370497e-02	-4.1384712784005790e-03	4.9122473385805410e-03	8.7603985541796596e-03	9.2924466156703699e-03	-5.3204806149071131e-04
10                      	4.3187768225740353e-01	2.1187462520253850e-01	2.2000305705486506e-01	-3.4074034594070962e-01	-2.2249796930414201e-01	-1.1824237663656761e-01	-5.2127796333787182e-02	-4.0642159261632758e-03	4.6847805222589326e-03	8.6372438354215715e-03	9.0034024399697193e-03	-3.6615860454814738e-04
11                      	4.3944650715430122e-01	2.1587719700767663e-01	2.2356931014662459e-01	-2.9683539868662501e-01	-2.0483852115697865e-01	-9.1996877529646373e-02	-5.6420821813666144e-02	-3.8460565694739702e-03	4.2230310060040049e-03	7.9557800101266538e-03	8.2009210110673327e-03	-2.4514100094067738e-04
12                      	4.4401534468187986e-01	2.1829781416458810e-01	2.2571753051729174e-01	-2.5609024755271315e-01	-1.8905670429486959e-01	-6.7033543257843553e-02	-6.1011580518513006e-02	-3.7098581763518224e-03	3.7446736459445652e-03	7.2269891185046762e-03	7.3581682051969029e-03	-1.3117908669222695e-04
13                      	4.4655653147815899e-01	2.1966314184020058e-01	2.2689338963795844e-01	-2.2213496662716906e-01	-1.7473321372771583e-01	-4.7401752899453226e-02	-6.3665730414131302e-02	-3.6151238988789340e-03	3.2357725093800425e-03	6.5207382894776466e-03	6.4961416541188654e-03	2.4596635358780690e-05
14                      	4.4697586873588202e-01	2.1996112552017311e-01	2.2701474321570889e-01	-1.9780103652397960e-01	-1.6269437212695045e-01	-3.5106664397029148e-02	-6.3793853864960642e-02	-3.5268088477678956e-03	2.7608542235637353e-03	5.9715679666650879e-03	5.7466382068962788e-03	2.2492975976880851e-04
15                      	4.4625217840007730e-01	2.1972781732764959e-01	2.2652436107242771e-01	-1.8163911620947909e-01	-1.5345013679136638e-01	-2.8188979418112738e-02	-6.2630578686626817e-02	-3.3982718723890720e-03	2.3876109059780427e-03	5.6566610182994430e-03	5.2159414151277637e-03	4.4071960317167895e-04
16                      	4.4531058900276055e-01	2.1939403122807971e-01	2.2591655777468087e-01	-1.7075329363025629e-01	-1.4609911127440861e-01	-2.4654182355847674e-02	-6.0722464459280472e-02	-3.2612632733005804e-03	2.1662306831388999e-03	5.4189817189582417e-03	4.8757215426180212e-03	5.4326017634022102e-04
17                      	4.4455416094312034e-01	2.1916676088291509e-01	2.2538740006020525e-01	-1.5967713249724391e-01	-1.3918843386007701e-01	-2.0488698637166909e-02	-5.9349867611455054e-02	-3.1103195886450692e-03	2.0188304254135114e-03	5.2508057819261392e-03	4.6442333163765805e-03	6.0657246554955853e-04
18                      	4.4390886091079634e-01	2.1898089167578105e-01	2.2492796923501529e-01	-1.4569825751802029e-01	-1.3190354827452491e-01	-1.3794709243495365e-02	-5.9054419515514774e-02	-2.9735387796171169e-03	1.9470951219790627e-03	5.2716980364077345e-03	4.5829441401829298e-03	6.8875389622480440e-04
19                      	4.4349632303603992e-01	2.1892816040860680e-01	2.2456816262743312e-01	-1.2828395420297131e-01	-1.2403802818572181e-01	-4.2459260172495010e-03	-5.9896051084236152e-02	-2.8200011094131612e-03	1.9581911603839355e-03	5.2385646244847602e-03	4.5774734726263160e-03	6.6109115185844459e-04
20                      	4.4356924796734665e-01	2.1909057679810368e-01	2.2447867116924297e-01	-1.0684729937893636e-01	-1.1524396027642846e-01	8.3966608974920965e-03	-6.1820310586960275e-02	-2.6940471855696484e-03	2.0126435865570947e-03	5.3152654111138838e-03	4.6702762921140362e-03	6.4498911899984730e-04
21                      	4.4375172096811427e-01	2.1922566242375527e-01	2.2452605854435900e-01	-8.1843279645442399e-02	-1.0507105890655932e-01	2.3227779261116920e-02	-6.4149419083838116e-02	-2.6501980603018615e-03	2.2850344444264510e-03	5.5827824702122820e-03	5.0764256795325924e-03	5.0635679067969014e-04
22                      	4.4373581214386926e-01	2.1915388859589024e-01	2.2458192354797901e-01	-5.6432963630530276e-02	-9.3988915189123751e-02	3.7555951558593467e-02	-6.5772433373858616e-02	-2.7140174760443875e-03	2.8126949285720132e-03	6.1419487981827711e-03	5.8836693276633992e-03	2.5827947051937236e-04
23                      	4.4331982913744394e-01	2.1878403201508426e-01	2.2453579712235971e-01	-3.2909665282268262e-02	-8.2901425884438551e-02	4.9991760602170275e-02	-6.6446593243304417e-02	-2.8758825536377478e-03	3.3278133891872278e-03	7.0446531294824696e-03	6.8501399539284621e-03	1.9451317555400693e-04
24                      	4.4230087362277182e-01	2.1804121749630559e-01	2.2425965612646626e-01	-1.0300438935907996e-02	-7.1605809626851355e-02	6.1305370690943363e-02	-6.6455590158897362e-02	-3.1092193150803141e-03	3.8614085536078065e-03	8.5036430209565837e-03	8.1132300640860983e-03	3.9041295687048576e-04
25                      	4.4125441642684515e-01	2.1717358859756677e-01	2.2408082782927841e-01	1.0214603245921910e-02	-6.1517830655999237e-02	7.1732433901921147e-02	-6.6625132278960192e-02	-3.4536196158558171e-03	4.4269235223366784e-03	1.0868023963443002e-02	9.8609355040581784e-03	1.0070884593848225e-03
26                      	4.4085026432101465e-01	2.1658300588872936e-01	2.2426725843228532e-01	2.7262185933574306e-02	-5.3592450985915717e-02	8.0854636919490019e-02	-6.7223543952702872e-02	-3.8421262717779877e-03	5.0601516946238625e-03	1.3644438340262631e-02	1.1882370864755177e-02	1.7620674755074524e-03
27                      	4.4098280320452649e-01	2.1629832989830089e-01	2.2468447330622560e-01	3.9992704389575764e-02	-4.8108795441059206e-02	8.8101499830634977e-02	-6.8105147635847088e-02	-4.1930717039623646e-03	5.6571554497953170e-03	1.6006023639138760e-02	1.3660167269364696e-02	2.3458563697740628e-03
28                      	4.4152239784736191e-01	2.1632082758598986e-01	2.2520157026137205e-01	4.7089959315593087e-02	-4.5723752583303461e-02	9.2813711898896534e-02	-6.9268732241100001e-02	-4.4403713376910993e-03	6.0425741851842935e-03	1.7605212699247141e-02	1.4845180534807862e-02	2.7600321644392772e-03
29                      	4.4183366606082469e-01	2.1632809773776382e-01	2.2550556832306087e-01	4.8245138475052116e-02	-4.6674760447022172e-02	9.4919898922074294e-02	-7.0797329684548230e-02	-4.5887352926485383e-03	6.1080057004359355e-03	1.8488609380752644e-02	1.5352310390812259e-02	3.1362989899403866e-03
30                      	4.4135014879788198e-01	2.1606699097327572e-01	2.2528315782460628e-01	4.6656158802474090e-02	-4.9100048902520975e-02	9.5756207704995072e-02	-7.2428128303758027e-02	-4.6080834256652737e-03	5.8885641937538747e-03	1.8780102876441534e-02	1.5278615631974642e-02	3.5014872444668918e-03
31                      	4.4011433925376431e-01	2.1552217548866326e-01	2.2459216376510105e-01	4.4501106775080124e-02	-5.1386680439953689e-02	9.5887787215033812e-02	-7.3637233827493750e-02	-4.5349941382188778e-03	5.3385248148379513e-03	1.8381117514511859e-02	1.4529083572093881e-02	3.8520339424179787e-03
32                      	4.3827616003040831e-01	2.1476287296455382e-01	2.2351328706585449e-01	4.1361098706408500e-02	-5.3162527598818267e-02	9.4523626305226774e-02	-7.3843076952022524e-02	-4.3752070506503423e-03	4.5658612006111493e-03	1.6866564924776579e-02	1.2999143662999440e-02	3.8674212617771410e-03
33                      	4.3619532933147082e-01	2.1387059989946905e-01	2.2232472943200174e-01	3.6878578712166120e-02	-5.4833309741807376e-02	9.1711888453973503e-02	-7.3272599097890440e-02	-4.2270647662663464e-03	3.7494957318835688e-03	1.4830162455327986e-02	1.1164576959547562e-02	3.6655854957804244e-03
34                      	4.3404746816312417e-01	2.1291201621974740e-01	2.2113545194337678e-01	3.3604085410917479e-02	-5.5495713782480666e-02	8.9099799193398152e-02	-7.2297756487939416e-02	-4.1117178618146994e-03	2.9680481232295807e-03	1.2714518085854781e-02	9.3253071661569716e-03	3.3892109196978098e-03
35                      	4.3205878706929862e-01	2.1206100996012189e-01	2.1999777710917673e-01	3.2976141294424853e-02	-5.4775264421517013e-02	8.7751405715941866e-02	-7.1263335068729436e-02	-3.9683835745274142e-03	2.1963313616904460e-03	1.0945341469939118e-02	7.6690020966600058e-03	3.2763393732791130e-03
36                      	4.3087071537252669e-01	2.1166436553499590e-01	2.1920634983753079e-01	3.3898923421331703e-02	-5.2948047975705126e-02	8.6846971397036843e-02	-6.9897509686370984e-02	-3.7709921512674243e-03	1.4689653033587106e-03	9.8671714300989505e-03	6.4025510184081858e-03	3.4646204116907642e-03
37                      	4.3077290416604697e-01	2.1174643238570645e-01	2.1902647178034051e-01	3.3646411531795317e-02	-5.1361149587501362e-02	8.5007561119296679e-02	-6.8184355353399020e-02	-3.6400196973170253e-03	1.0295479617977537e-03	9.3817839435214739e-03	5.7204399335584900e-03	3.6613440099629831e-03
38                      	4.3176293569470559e-01	2.1223896372077811e-01	2.1952397197392745e-01	3.0455622285745519e-02	-5.0902964383336025e-02	8.1358586669081537e-02	-6.6130775526208788e-02	-3.6425041265746782e-03	9.5154175032649980e-04	9.5650045439679993e-03	5.7340440223104987e-03	3.8309605216574998e-03
39                      	4.3354441700979035e-01	2.1302296569494933e-01	2.2052145131484102e-01	2.4071464178785369e-02	-5.1456420463950187e-02	7.5527884642735549e-02	-6.3492152553342868e-02	-3.7492428099458355e-03	1.1668177720800821e-03	1.0069519915285942e-02	6.2015777297230535e-03	3.8679421855628885e-03
40                      	4.3546900492702417e-01	2.1382840930310595e-01	2.2164059562391819e-01	1.6023522106200970e-02	-5.2420278443962319e-02	6.8443800550163275e-02	-6.0432039497062801e-02	-3.9060931604061096e-03	1.5266329233307803e-03	1.0696187675102988e-02	6.8747267608822750e-03	3.8214609142207135e-03
41                      	4.3601064297965270e-01	2.1384468394696474e-01	2.2216595903268796e-01	9.8403428652369743e-03	-5.3780013380348532e-02	6.3620356245585499e-02	-5.8700184812967016e-02	-4.1606375428616055e-03	1.8170786862681512e-03	1.1353578453104526e-02	7.4938679128204143e-03	3.8597105402841114e-03
42                      	4.3454771866684266e-01	2.1301152800898634e-01	2.2153619065785632e-01	7.9642446128631618e-03	-5.5147063806308905e-02	6.3111308419172077e-02	-5.9129186112740491e-02	-4.2623313244349878e-03	2.1459304031216913e-03	1.1498805146918716e-02	7.8953329765810484e-03	3.6034721703376671e-03
43                      	4.3154825943096486e-01	2.1153629200384760e-01	2.2001196742711723e-01	1.0460666445861798e-02	-5.6158041081321323e-02	6.6618707527183116e-02	-6.1388374304252216e-02	-4.2378377116348348e-03	2.5786545509093803e-03	1.1017040595990341e-02	8.0871748489045499e-03	2.9298657470857902e-03
44                      	4.2755131088548665e-01	2.0960828068724097e-01	2.1794303019824565e-01	1.4783828485266940e-02	-5.6806412214480559e-02	7.1590240699747495e-02	-6.4198326457114027e-02	-4.1673747555023444e-03	2.8687498751452782e-03	1.0078127918310037e-02	7.9078138343002969e-03	2.1703140840097401e-03
45                      	4.2270139657291200e-01	2.0725534474659371e-01	2.1544605182631826e-01	2.0746772595799937e-02	-5.5596900775980868e-02	7.6343673371780801e-02	-6.5970287073880834e-02	-4.0953535398622733e-03	2.9166351354496210e-03	9.4211845852826270e-03	7.6272274280909354e-03	1.7939571571916927e-03
46                      	4.1721493909190505e-01	2.0450404882925907e-01	2.1271089026264595e-01	3.1977672013071903e-02	-4.9531165666530153e-02	8.1508837679602056e-02	-6.5520001673066097e-02	-4.1034207166934303e-03	2.7544699834646221e-03	9.3734066588282046e-03	7.4411733128787235e-03	1.9322333459494798e-03
47                      	4.1126719937527034e-01	2.0152718238258066e-01	2.0974001699268968e-01	4.4926559721786212e-02	-4.1463546557254212e-02	8.6390106279040424e-02	-6.3926826418147314e-02	-4.1064173050545097e-03	2.5116909136676923e-03	9.3086757645593748e-03	7.1660287959473797e-03	2.1426469686119955e-03
48                      	4.0577844348053294e-01	1.9871162391162184e-01	2.0706681956891110e-01	5.5382479544776680e-02	-3.4166186687963951e-02	8.9548666232740631e-02	-6.1857426460352291e-02	-4.1775978286446433e-03	2.4465874150436497e-03	9.3253179177883640e-03	7.1092463739378317e-03	2.2160715438505323e-03
49                      	4.0084637755410696e-01	1.9614364799292069e-01	2.0470272956118626e-01	6.0647019940156824e-02	-2.9172703512833218e-02	8.9819723452990038e-02	-5.9496213482911627e-02	-4.2795407841327900e-03	2.7218264473840956e-03	9.6137878651719692e-03	7.5287203799700806e-03	2.0850674852018890e-03
50                      	3.9648768559040293e-01	1.9378669159638007e-01	2.0270099399402286e-01	5.9102799665469337e-02	-2.6277502487594341e-02	8.5380302153063678e-02	-5.5828902320329013e-02	-4.4571511988213929e-03	3.3354884107253007e-03	1.0205436012559792e-02	8.4382064170051962e-03	1.7672295955545947e-03
51                      	3.9295432962155780e-01	1.9184666998361335e-01	2.0110765963794447e-01	5.1731233706991550e-02	-2.4953731622115491e-02	7.6684965329107027e-02	-5.0819348475611266e-02	-4.6304948271655494e-03	4.0764908896234655e-03	1.0707060190359755e-02	9.4300209848033421e-03	1.2770392055564122e-03
52                      	3.9043546701519355e-01	1.9052287085232181e-01	1.9991259616287177e-01	4.1229004814048453e-02	-2.4189493446140419e-02	6.5418498260188876e-02	-4.4803995853164649e-02	-4.6948626552749742e-03	4.6306446477398251e-03	1.0984624711909668e-02	1.0122957003694659e-02	8.6166770821500898e-04
53                      	3.8846471066615607e-01	1.8956359719379232e-01	1.9890111347236372e-01	3.0201751258263992e-02	-2.3469460155910345e-02	5.3671211414174337e-02	-3.8570335785042341e-02	-4.6687581392857126e-03	4.9477819886797397e-03	1.0860417540700242e-02	1.0377990759029860e-02	4.8242678167038146e-04
54                      	3.8716039300047900e-01	1.8899920804401149e-01	1.9816118495646748e-01	1.9256562783868225e-02	-2.3493235826727431e-02	4.2749798610595649e-02	-3.3121517218661543e-02	-4.5809884562279871e-03	4.9046106673892994e-03	1.0404854181094221e-02	1.0107037757936411e-02	2.9781642315781110e-04
55                      	3.8647329137421416e-01	1.8862152075258404e-01	1.9785177062163012e-01	8.9735191428312305e-03	-2.4025967365695608e-02	3.2999486508526833e-02	-2.8512726937111224e-02	-4.6151249345230475e-03	4.5522051898156113e-03	9.7272107377491986e-03	9.4158105586902106e-03	3.1140017905898805e-04
56                      	3.8566302351136639e-01	1.8799989184451277e-01	1.9766313166685362e-01	8.5674033061257371e-04	-2.4646867179024968e-02	2.5503607509637545e-02	-2.5075237344331258e-02	-4.8316199111704261e-03	4.0343166193325649e-03	9.0498202655855189e-03	8.5592267521253252e-03	4.9059351346019482e-04
57                      	3.8406754434139345e-01	1.8680911388432611e-01	1.9725843045706734e-01	-5.6327876084285508e-03	-2.5928773409378499e-02	2.0295985800949948e-02	-2.3112379605164223e-02	-5.2246582863706217e-03	3.6132789397203694e-03	8.8417962889700951e-03	8.0341770842054169e-03	8.0761920476467763e-04
58                      	3.8212273119046564e-01	1.8530529948263080e-01	1.9681743170783483e-01	-1.1319485483973709e-02	-2.8280966004413675e-02	1.6961480520439970e-02	-2.2621223262426819e-02	-5.7560661126020264e-03	3.3997744376529702e-03	9.0464548044378625e-03	7.9230018398719002e-03	1.1234529645659606e-03
59                      	3.8050864805353146e-01	1.8389472492581790e-01	1.9661392312771359e-01	-1.6410162717966133e-02	-3.1479016771233014e-02	1.5068854053266884e-02	-2.3273935412249949e-02	-6.3595991009478435e-03	3.4637146412185684e-03	9.3959423572605571e-03	8.1616858198488452e-03	1.2342565374117099e-03
60                      	3.7921063734062826e-01	1.8264587214454231e-01	1.9656476519608598e-01	-1.9428365884995746e-02	-3.4404734534733916e-02	1.4976368649738166e-02	-2.4690551592236040e-02	-6.9594465257718629e-03	3.6528792730088104e-03	1.0088783295694912e-02	8.6972709208562662e-03	1.3915123748386455e-03
61                      	3.7769202447295314e-01	1.8141386779070709e-01	1.9627815668224602e-01	-1.8931770811439260e-02	-3.6044066597768987e-02	1.7112295786329723e-02	-2.6578181192049355e-02	-7.4321444457694490e-03	3.7751164463698671e-03	1.1380071942949745e-02	9.4651524178447390e-03	1.9149195251050048e-03
62                      	3.7583406578366285e-01	1.8019153167596963e-01	1.9564253410769322e-01	-1.5627501060443381e-02	-3.6535911845445718e-02	2.0908410785002336e-02	-2.8722161315224027e-02	-7.7255012158618042e-03	3.8428192296369218e-03	1.3358841058054469e-02	1.0522239758664157e-02	2.8366012993903131e-03
63                      	3.7356847689564038e-01	1.7880583001888239e-01	1.9476264687675801e-01	-1.0302094575020139e-02	-3.6393437156400400e-02	2.6091342581380256e-02	-3.1242389868890330e-02	-7.9784084289377961e-03	3.9815258697018354e-03	1.6258111738210748e-02	1.2110581738807210e-02	4.1475299994035396e-03
64                      	3.7109070618838963e-01	1.7731671877747990e-01	1.9377398741090970e-01	-3.4546194269032592e-03	-3.6087063386120929e-02	3.2632443959217668e-02	-3.4359753672669295e-02	-8.2286343167149046e-03	4.2021526562356472e-03	1.9807042060510122e-02	1.4105673686490707e-02	5.7013683740194145e-03
65                      	3.6919440084128041e-01	1.7618626121342287e-01	1.9300813962785754e-01	3.6436564406732890e-03	-3.5821834052687782e-02	3.9465490493361073e-02	-3.7643662273024424e-02	-8.4109392072173432e-03	4.4728778773718636e-03	2.3108488278513209e-02	1.6027122016628467e-02	7.0813662618847417e-03
66                      	3.6809615155867048e-01	1.7551721816468507e-01	1.9257893339398541e-01	1.0270396901382366e-02	-3.6087641320423670e-02	4.6358038221806036e-02	-4.1222839771114850e-02	-8.5308576146501634e-03	4.7935577150877151e-03	2.5698326882876394e-02	1.7642721156525910e-02	8.0556057263504819e-03
67                      	3.6748775454951110e-01	1.7513780285641689e-01	1.9234995169309421e-01	1.5523082423273648e-02	-3.7505573204028607e-02	5.3028655627302253e-02	-4.5267114415665430e-02	-8.6060744183386727e-03	5.0550221302758198e-03	2.7394228195838019e-02	1.8752136228194830e-02	8.6420919676431906e-03
68                      	3.6663080827559308e-01	1.7461198708891359e-01	1.9201882118667948e-01	1.9992011030489150e-02	-3.9668610528562853e-02	5.9660621559051996e-02	-4.9664616043807425e-02	-8.7034170488829235e-03	5.2606605175422984e-03	2.8311706317399331e-02	1.9416513676241965e-02	8.8951926411573682e-03
69                      	3.6573803676958938e-01	1.7401075351917772e-01	1.9172728325041163e-01	2.3762901624774929e-02	-4.1634565483604655e-02	6.5397467108379584e-02	-5.3516016295992119e-02	-8.8582648656169629e-03	5.3883045626272183e-03	2.8807303818636033e-02	1.9791956471945236e-02	9.0153473466907975e-03
70                      	3.6503783549221741e-01	1.7342061853399812e-01	1.9161721695821929e-01	2.6762689167547839e-02	-4.2717884780106678e-02	6.9480573947654528e-02	-5.6099229363880600e-02	-9.0982992121105642e-03	5.4523868343485989e-03	2.9222986122644755e-02	2.0063879895670978e-02	9.1591062269737785e-03
71                      	3.6441670473085275e-01	1.7287726364666078e-01	1.9153944108419196e-01	3.0021919140926886e-02	-4.2596903875517421e-02	7.2618823016444303e-02	-5.7607863445980859e-02	-9.3310887187655969e-03	5.5254073763601908e-03	2.9548337246324944e-02	2.0299575999522663e-02	9.2487612468022812e-03
72                      	3.6350205285037823e-01	1.7229212063124172e-01	1.9120993221913651e-01	3.4232827933033193e-02	-4.1372428196964448e-02	7.5605256129997647e-02	-5.8488842163481047e-02	-9.4589057939474148e-03	5.6581462489206768e-03	2.9580297209424226e-02	2.0448294853632788e-02	9.1320023557914364e-03
73                      	3.6201931894121470e-01	1.7158244497904088e-01	1.9043687396217385e-01	3.9367293270223619e-02	-3.9887350771847532e-02	7.9254644042071165e-02	-5.9570997406959349e-02	-9.4272144915664938e-03	5.8503395275029150e-03	2.9328742337717005e-02	2.0514710696361418e-02	8.8140316413555866e-03
74                      	3.5959860012262634e-01	1.7057789313911376e-01	1.8902070698351256e-01	4.6291355599828374e-02	-3.8336098730343583e-02	8.4627454330171950e-02	-6.1481776530257770e-02	-9.2214069221993981e-03	6.1076191083093093e-03	2.8986693850505375e-02	2.0600966033561999e-02	8.3857278169433801e-03
75                      	3.5655757318148590e-01	1.6936040076298645e-01	1.8719717241849948e-01	5.5306316504431054e-02	-3.6493766494932460e-02	9.1800082999363514e-02	-6.4146924747147990e-02	-8.9183858277565066e-03	6.4477391453157465e-03	2.8842715327911508e-02	2.0869096809271501e-02	7.9736185186400077e-03
76                      	3.5355027972735525e-01	1.6816261922394390e-01	1.8538766050341135e-01	6.5057070187971341e-02	-3.4032256588339679e-02	9.9089326776311021e-02	-6.6560791682325343e-02	-8.6125206397337315e-03	6.8356848083770145e-03	2.9070338335680856e-02	2.1370853976217442e-02	7.6994843594634134e-03
77                      	3.5042884384340578e-01	1.6685268338171655e-01	1.8357616046168923e-01	7.5003732169293055e-02	-3.0857346900056953e-02	1.0586107906935001e-01	-6.8359212984703488e-02	-8.3617385399863374e-03	7.2976436417818294e-03	2.9541731885092411e-02	2.2068509584328034e-02	7.4732223007643768e-03
78                      	3.4659502983977136e-01	1.6507786938716063e-01	1.8151716045261077e-01	8.4474278206637388e-02	-2.7407886537116365e-02	1.1188216474375373e-01	-6.9645025640435052e-02	-8.2196455327250718e-03	7.8339453461963773e-03	3.0136698475840752e-02	2.2902294584116752e-02	7.2344038917239988e-03
79                      	3.4187726125933648e-01	1.6279796840963073e-01	1.7907929284970575e-01	9.1962142659767765e-02	-2.4552999246666721e-02	1.1651514190643449e-01	-7.0534070576550603e-02	-8.1406622200374899e-03	8.4388709916789865e-03	3.0567259335830162e-02	2.3722500659594067e-02	6.8447586762360934e-03
80                      	3.3676682428016702e-01	1.6022609993653716e-01	1.7654072434362983e-01	9.6846243610560670e-02	-2.2641480709229677e-02	1.1948772431979035e-01	-7.1064602514510009e-02	-8.1573122035463221e-03	9.1343757920301638e-03	3.0797885577721895e-02	2.4533318580891111e-02	6.2645669968307838e-03
81                      	3.3173794343981600e-01	1.5754480912955737e-01	1.7419313431025862e-01	9.9563196554679559e-02	-2.1718743416964566e-02	1.2128193997164413e-01	-7.1500341694304345e-02	-8.3241625903506446e-03	9.9318278884608525e-03	3.1063752774853341e-02	2.5463704275887521e-02	5.6000484989658173e-03
82                      	3.2712405194878946e-01	1.5493407151971428e-01	1.7218998042907516e-01	1.0097023776855676e-01	-2.1723758957900109e-02	1.2269399672645687e-01	-7.2208877842178498e-02	-8.6279544546804358e-03	1.0774529357359862e-02	3.1336383189791421e-02	2.6442720952255572e-02	4.8936622375358486e-03
83                      	3.2347640633229824e-01	1.5273179478033150e-01	1.7074461155196671e-01	1.0188862923029052e-01	-2.2212225412702766e-02	1.2410085464299329e-01	-7.3156540027848022e-02	-9.0064083858175954e-03	1.1678334554082962e-02	3.1597614493422153e-02	2.7477141800794039e-02	4.1204726926281137e-03
84                      	3.2079152430449631e-01	1.5097314738444439e-01	1.6981837692005192e-01	1.0204734722643606e-01	-2.3178252680519516e-02	1.2522559990695559e-01	-7.4201926293737550e-02	-9.4226147678037452e-03	1.2630006049475012e-02	3.1907637022970094e-02	2.8583824560960057e-02	3.3238124620100359e-03
85                      	3.1912910573520109e-01	1.4970022479471656e-01	1.6942888094048453e-01	1.0129522840910053e-01	-2.4403373438461478e-02	1.2569860184756199e-01	-7.5050987643011741e-02	-9.8643280728839631e-03	1.3592708546458708e-02	3.2321353065182946e-02	2.9753385079050180e-02	2.5679679861327653e-03
86                      	3.1865533317519495e-01	1.4907559970375134e-01	1.6957973347144359e-01	9.9606643172563056e-02	-2.5666904444994868e-02	1.2527354761755791e-01	-7.5470226031276400e-02	-1.0252066883846124e-02	1.4527050016238434e-02	3.2693242799728496e-02	3.0873671416102678e-02	1.8195713836258131e-03
87                      	3.1923421792576656e-01	1.4911756293793224e-01	1.7011665498783432e-01	9.6766869890458171e-02	-2.6823129209921730e-02	1.2358999910037990e-01	-7.5206564155150812e-02	-1.0499546024951038e-02	1.5360788802598811e-02	3.2737284500655300e-02	3.1729431052926457e-02	1.0078534477288381e-03
88                      	3.2045877607841289e-01	1.4966646918480764e-01	1.7079230689360525e-01	9.3469768969328224e-02	-2.7326337561041917e-02	1.2079610653037014e-01	-7.4061222045706032e-02	-1.0562918854398815e-02	1.5868410895605468e-02	3.2413904739535253e-02	3.2075363265373094e-02	3.3854147416215646e-04
89                      	3.2173006547857130e-01	1.5043690297121357e-01	1.7129316250735777e-01	9.0252583348209417e-02	-2.7273532864427984e-02	1.1752611621263739e-01	-7.2399824538532692e-02	-1.0428129768072102e-02	1.5897944562111917e-02	3.1861815566684812e-02	3.1828852345454323e-02	3.2963221230487410e-05
90                      	3.2268567480538402e-01	1.5116420897018276e-01	1.7152146583520125e-01	8.7808657293070025e-02	-2.6762478832541511e-02	1.1457113612561154e-01	-7.0666807479076527e-02	-1.0178628432509254e-02	1.5376306130811623e-02	3.1350813786440952e-02	3.1051713024032101e-02	2.9910076240885356e-04
91                      	3.2337147186811299e-01	1.5179577364916688e-01	1.7157569821894608e-01	8.6579897459361649e-02	-2.5806783476183065e-02	1.1238668093554471e-01	-6.9096732205863889e-02	-9.8899622848895863e-03	1.4456509797101967e-02	3.1089668508529764e-02	3.0001344051366851e-02	1.0883244571629148e-03
92                      	3.2381183025118576e-01	1.5228920828195786e-01	1.7152262196922788e-01	8.6025484331903365e-02	-2.4910536196846040e-02	1.1093602052874940e-01	-6.7923278362797726e-02	-9.6167068436350273e-03	1.3426860703536943e-02	3.1256230612595151e-02	2.9054976009834518e-02	2.2012546027606306e-03
93                      	3.2379508366422444e-01	1.5248513297295818e-01	1.7130995069126623e-01	8.5573074963339005e-02	-2.4379451958748424e-02	1.0995252692208743e-01	-6.7165989440417920e-02	-9.4124088591540297e-03	1.2553101824234456e-02	3.2029675854002987e-02	2.8567939751235946e-02	3.4617361027670383e-03
94                      	3.2293560459378168e-01	1.5218686364495146e-01	1.7074874094883025e-01	8.4765147842736602e-02	-2.4441211369128871e-02	1.0920635921186547e-01	-6.6823785290497165e-02	-9.2809386519393886e-03	1.2019669160989272e-02	3.3425907455116699e-02	2.8732622888547620e-02	4.6932845665690753e-03
95                      	3.2111398286959997e-01	1.5131805995045958e-01	1.6979592291914039e-01	8.3341689367399163e-02	-2.4930106240760586e-02	1.0827179560815975e-01	-6.6600950924460167e-02	-9.2389314843404156e-03	1.1824005913983178e-02	3.5266387859334995e-02	2.9457199843650674e-02	5.8091880156843183e-03
96                      	3.1845554761543615e-01	1.5001644774828760e-01	1.6843909986714853e-01	8.0887287542296626e-02	-2.5780125693016975e-02	1.0666741323531360e-01	-6.6223769464165291e-02	-9.2113260594304594e-03	1.1840633467301919e-02	3.7133595639667678e-02	3.0407431287135758e-02	6.7261643525319192e-03
97                      	3.1531136325809211e-01	1.4852310733459373e-01	1.6678825592349839e-01	7.7148115390115860e-02	-2.7144116896461463e-02	1.0429223228657733e-01	-6.5718174591519393e-02	-9.1325742944523471e-03	1.1903811636281871e-02	3.8621710030477041e-02	3.1214666651520392e-02	7.4070433789566494e-03
98                      	3.1210119041896417e-01	1.4703873034415518e-01	1.6506246007480901e-01	7.2388185513088690e-02	-2.9018354312983084e-02	1.0140653982607177e-01	-6.5212447069527432e-02	-9.0118648653269157e-03	1.1834267848825833e-02	3.9457290351363451e-02	3.1562913024507561e-02	7.8943773268558923e-03
99                      	3.0903844719987911e-01	1.4564125965490496e-01	1.6339718754497415e-01	6.7300455782148202e-02	-3.1038351031183214e-02	9.8338806813331417e-02	-6.4688578922257323e-02	-8.8779639450345931e-03	1.1513308994133799e-02	3.9541941836979039e-02	3.1284279912623322e-02	8.2576619243557199e-03
100                     	3.0629112676414000e-01	1.4440246065275955e-01	1.6188866611138042e-01	6.2581069380974838e-02	-3.2636006709471102e-02	9.5217076090445940e-02	-6.3926541399958514e-02	-8.7431027293104324e-03	1.0964254032282959e-02	3.8936085437400715e-02	3.0432296750983318e-02	8.5037886864174003e-03
101                     	3.0416047756171827e-01	1.4343587743520492e-01	1.6072460012651338e-01	5.8420081173514118e-02	-3.3816564512585086e-02	9.2236645686099197e-02	-6.3026605099342145e-02	-8.6443613456542272e-03	1.0326953331594267e-02	3.7723316207339389e-02	2.9188611435263963e-02	8.5347047720754285e-03
102                     	3.0271454963740740e-01	1.4277721420142259e-01	1.5993733543598482e-01	5.4080522019035800e-02	-3.5183912425593336e-02	8.9264434444629129e-02	-6.2224173435111239e-02	-8.5800606172811329e-03	9.6788749025955717e-03	3.6060934418875805e-02	2.7709342112033474e-02	8.3515923068423308e-03
103                     	3.0174183157545248e-01	1.4236734167591863e-01	1.5937448989953384e-01	4.9230536042183935e-02	-3.6882901365649971e-02	8.6113437407833893e-02	-6.1498169386741935e-02	-8.5035741118076186e-03	9.0162370032709997e-03	3.4236627937369028e-02	2.6134550971955516e-02	8.1020769654135145e-03
104                     	3.0097446215894696e-01	1.4214259151260775e-01	1.5883187064633925e-01	4.3512515595872624e-02	-3.9137276994845954e-02	8.2649792590718571e-02	-6.0893534792782263e-02	-8.3446395668657358e-03	8.3001833153615468e-03	3.2559085381009871e-02	2.4579726005866484e-02	7.9793593751433904e-03
105                     	3.0033452395341687e-01	1.4209859832075139e-01	1.5823592563266550e-01	3.6915092615984427e-02	-4.1981241974433273e-02	7.8896334590417699e-02	-6.0438788282425486e-02	-8.0686636559570580e-03	7.5079098228498205e-03	3.1218216609891623e-02	2.3117018127795631e-02	8.1011984820959920e-03
106                     	2.9988846659422264e-01	1.4230786746804225e-01	1.5758059912618036e-01	2.9645092872482799e-02	-4.5212610928974009e-02	7.4857703801456801e-02	-6.0035157365215405e-02	-7.6363658290690643e-03	6.6665197361696913e-03	3.0229445658671094e-02	2.1781242565505239e-02	8.4482030931658566e-03
107                     	2.9964717031878169e-01	1.4274174550786350e-01	1.5690542481091818e-01	2.2262606673385289e-02	-4.8431023399313308e-02	7.0693630072698604e-02	-5.9562326736005956e-02	-7.0818396515273350e-03	5.8512233689554183e-03	2.9688379864658908e-02	2.0695413301284871e-02	8.9929665633740347e-03
108                     	2.9960436756764702e-01	1.4334181630608903e-01	1.5626255126155800e-01	1.5170502471704298e-02	-5.1397653649054083e-02	6.6568156120758393e-02	-5.8982904884906234e-02	-6.4603674777344890e-03	5.1677285103983459e-03	2.9628803042618824e-02	1.9982130031707759e-02	9.6466730109110652e-03
109                     	2.9973776841602834e-01	1.4402863034603003e-01	1.5570913806999834e-01	8.0453828563715486e-03	-5.4430516412034051e-02	6.2475899268405598e-02	-5.8453207840219824e-02	-5.8402538619841630e-03	4.7140915286704044e-03	3.0084112531344458e-02	1.9756147794342635e-02	1.0327964737001824e-02
110                     	2.9998436840024384e-01	1.4470356221927103e-01	1.5528080618097281e-01	5.4797960520514672e-04	-5.7911165231436613e-02	5.8459144836641760e-02	-5.8185155034039183e-02	-5.2886219808509034e-03	4.6530917027205179e-03	3.0950727351870093e-02	2.0128455378655565e-02	1.0822271973214528e-02
111                     	3.0022626731209995e-01	1.4523001508406980e-01	1.5499625222803012e-01	-6.5106890955551958e-03	-6.1648384234805773e-02	5.5137695139250570e-02	-5.8393039687028171e-02	-4.8831185719801565e-03	5.0712212652809984e-03	3.2097567775025884e-02	2.1120005152793945e-02	1.0977562622231945e-02
112                     	3.0032403975640737e-01	1.4546881713472842e-01	1.5485522262167895e-01	-1.2511210427225554e-02	-6.5231867364395818e-02	5.2720656937170263e-02	-5.8976262150783040e-02	-4.6932027434752697e-03	5.9300394183246698e-03	3.3424916077827757e-02	2.2642497457238547e-02	1.0782418620589209e-02
113                     	3.0030516390168766e-01	1.4543136699324072e-01	1.5487379690844694e-01	-1.7236070869798673e-02	-6.8060302955497809e-02	5.0824232085699125e-02	-5.9442267520598467e-02	-4.7212149576031041e-03	7.0717010324090604e-03	3.4743552529902383e-02	2.4443477297360249e-02	1.0300075232542130e-02
114                     	3.0027004152575454e-01	1.4517643741090761e-01	1.5509360411484693e-01	-2.0610444981322043e-02	-6.9629463668198777e-02	4.9019018686876734e-02	-5.9324241177537755e-02	-4.9585833519696703e-03	8.2847208124126534e-03	3.5814984258321574e-02	2.6192212941573440e-02	9.6227713167481334e-03
115                     	3.0029919996201559e-01	1.4477163746872992e-01	1.5552756249328564e-01	-2.2254034466001400e-02	-6.9585692660232887e-02	4.7331658194231491e-02	-5.8458675427232189e-02	-5.3779625122778538e-03	9.4171860658807845e-03	3.6314222914009549e-02	2.7574297522885559e-02	8.7399253911239899e-03
116                     	3.0036576631442052e-01	1.4425627076966138e-01	1.5610949554475917e-01	-2.2176868023987353e-02	-6.8191618278471575e-02	4.6014750254484225e-02	-5.7103184266477904e-02	-5.9266123875488927e-03	1.0391255429561996e-02	3.5969739628537556e-02	2.8376125243830774e-02	7.5936143847067832e-03
117                     	3.0045864791299354e-01	1.4368797074114506e-01	1.5677067717184848e-01	-2.0766333591898306e-02	-6.5888842145929119e-02	4.5122508554030820e-02	-5.5505675349979973e-02	-6.5413532153517206e-03	1.1215526380535504e-02	3.4686690174608285e-02	2.8558871467839649e-02	6.1278187067686394e-03
118                     	3.0052054854820837e-01	1.4305091578419307e-01	1.5746963276401529e-01	-1.8837328932562090e-02	-6.3266264106511552e-02	4.4428935173949455e-02	-5.3847599640230503e-02	-7.2093584899111029e-03	1.1855841677545368e-02	3.2859994991521105e-02	2.8285839173305918e-02	4.5741558182151865e-03
119                     	3.0048666893136089e-01	1.4231090495659848e-01	1.5817576397476243e-01	-1.6824265082191727e-02	-6.0807545311601346e-02	4.3983280229409623e-02	-5.2395412770505488e-02	-7.9324295090819827e-03	1.2247969789683020e-02	3.1036602926715451e-02	2.7766271253040747e-02	3.2703316736747054e-03
120                     	3.0031845480864361e-01	1.4148793447088526e-01	1.5883052033775835e-01	-1.5132682415046362e-02	-5.9039039957344663e-02	4.3906357542298297e-02	-5.1472698749821480e-02	-8.6712929334365543e-03	1.2369991451069914e-02	2.9545154836754371e-02	2.7142568869447100e-02	2.4025859673072725e-03
121                     	3.0002173574757440e-01	1.4064371965033662e-01	1.5937801609723778e-01	-1.3460345638350102e-02	-5.7907127178921040e-02	4.4446781540570940e-02	-5.1176954359745994e-02	-9.3671482234505884e-03	1.2287415315599032e-02	2.8605690839056969e-02	2.6590260735127515e-02	2.0154301039294522e-03
122                     	2.9954583393319317e-01	1.3978551115327056e-01	1.5976032277992264e-01	-1.1114624689040249e-02	-5.7070136149224245e-02	4.5955511460184000e-02	-5.1512823804704122e-02	-9.9874058133260311e-03	1.2125262100538537e-02	2.8300909254999954e-02	2.6275716728038512e-02	2.0251925269614409e-03
123                     	2.9888130314209416e-01	1.3892887010268545e-01	1.5995243303940873e-01	-7.9336270884464780e-03	-5.6470710851156146e-02	4.8537083762709668e-02	-5.2503897306932910e-02	-1.0511781468361632e-02	1.2024131437282265e-02	2.8698725911543873e-02	2.6373494393054205e-02	2.3252315184896719e-03
124                     	2.9802110750982747e-01	1.3808128652154206e-01	1.5993982098828544e-01	-3.6979407411565535e-03	-5.5871802339334892e-02	5.2173861598178335e-02	-5.4022831968756610e-02	-1.0929267233371702e-02	1.2052767678681643e-02	2.9788041264482503e-02	2.6946788310922898e-02	2.8412529535596092e-03
125                     	2.9693783486988101e-01	1.3725936122057517e-01	1.5967847364930587e-01	1.2290670261442974e-03	-5.5372825425075017e-02	5.6601892451219306e-02	-5.5987358938147158e-02	-1.1209556214365360e-02	1.2264613131874175e-02	3.1322194290671172e-02	2.7925710277209762e-02	3.3964840134614086e-03
126                     	2.9561339755730354e-01	1.3644627186239722e-01	1.5916712569490635e-01	6.3297952472399065e-03	-5.5148319547670646e-02	6.1478114794910554e-02	-5.8313217171290600e-02	-1.1360426916254560e-02	1.2666583001281682e-02	3.2889783042629989e-02	2.9111474522596676e-02	3.7783085200333148e-03
127                     	2.9410060565140284e-01	1.3561426109907523e-01	1.5848634455232757e-01	1.1709426010069796e-02	-5.5070401407374209e-02	6.6779827417444010e-02	-6.0925114412409109e-02	-1.1436041726626170e-02	1.3194693370543506e-02	3.4168196728929075e-02	3.0278791735008043e-02	3.8894049939210296e-03
128                     	2.9259000967760940e-01	1.3480025223727599e-01	1.5778975744033344e-01	1.7612407352127445e-02	-5.4756007920464436e-02	7.2368415272591885e-02	-6.3562211596528168e-02	-1.1494752601528721e-02	1.3752530299534271e-02	3.4985570154264872e-02	3.1245315376666704e-02	3.7402547775981640e-03
129                     	2.9126787908720286e-01	1.3403499471473587e-01	1.5723288437246699e-01	2.4168545502362377e-02	-5.3838268845970524e-02	7.8006814348332898e-02	-6.5922541597151704e-02	-1.1598944828865568e-02	1.4269096121663893e-02	3.5284484533767174e-02	3.1911338388547476e-02	3.3731461452196944e-03
130                     	2.9021105103543737e-01	1.3333179794036479e-01	1.5687925309507256e-01	3.1141921424638178e-02	-5.2257477089866347e-02	8.3399398514504522e-02	-6.7828437802185435e-02	-1.1773727577353879e-02	1.4679965062928593e-02	3.5172142640220727e-02	3.2266036383038953e-02	2.9061062571817697e-03
131                     	2.8950137933045217e-01	1.3272623008200804e-01	1.5677514924844413e-01	3.7917455660429186e-02	-5.0297557110447241e-02	8.8215012770876428e-02	-6.9256284940661827e-02	-1.2024459583218051e-02	1.4960009900819100e-02	3.4798351441157060e-02	3.2359185621397633e-02	2.4391658197594310e-03
132                     	2.8916843007398252e-01	1.3225761843531750e-01	1.5691081163866505e-01	4.3693951119540227e-02	-4.8578872878224183e-02	9.2272823997764403e-02	-7.0425848437994293e-02	-1.2326596601673777e-02	1.5115281273120760e-02	3.4374743937606776e-02	3.2302653241924141e-02	2.0720906956826286e-03
133                     	2.8914218899228422e-01	1.3191715356032274e-01	1.5722503543196148e-01	4.7828315119063117e-02	-4.7666319624033490e-02	9.5494634743096593e-02	-7.1580477183565042e-02	-1.2653940935819367e-02	1.5153637537840301e-02	3.4113735643874640e-02	3.2210505359777618e-02	1.9032302840970177e-03
134                     	2.8930988342840336e-01	1.3167064771222889e-01	1.5763923571617447e-01	5.0461761963382319e-02	-4.7559310485797382e-02	9.8021072449179708e-02	-7.2790191467488538e-02	-1.2984294001972783e-02	1.5082129648848239e-02	3.4100785431783673e-02	3.2132522364740075e-02	1.9682630670435968e-03
135                     	2.8964278644364866e-01	1.3154309493147215e-01	1.5809969151217654e-01	5.2244476027968549e-02	-4.7652223002295532e-02	9.9896699030264074e-02	-7.3774461016279810e-02	-1.3278298290352193e-02	1.4841538702893349e-02	3.4337991976234383e-02	3.2010534691010541e-02	2.3274572852238439e-03
136                     	2.9005795437840642e-01	1.3154528267796900e-01	1.5851267170043745e-01	5.3282416785570677e-02	-4.7653715817035570e-02	1.0093613260260624e-01	-7.4294924209820909e-02	-1.3483694511234216e-02	1.4431176212017498e-02	3.4641228126736576e-02	3.1751790275385786e-02	2.8894378513507901e-03
137                     	2.9047496256259736e-01	1.3165562579935056e-01	1.5881933676324678e-01	5.3647116212211368e-02	-4.7412924577988930e-02	1.0106004079020031e-01	-7.4236482684094621e-02	-1.3581855481948126e-02	1.3950439434758190e-02	3.4711818868265007e-02	3.1306348868890693e-02	3.4054699993743124e-03
138                     	2.9090798211464214e-01	1.3188011974883163e-01	1.5902786236581051e-01	5.3432332935856960e-02	-4.6976047686524816e-02	1.0040838062238176e-01	-7.3692214154453289e-02	-1.3573871308489445e-02	1.3497218579768083e-02	3.4351449181093188e-02	3.0672943170314680e-02	3.6785060107785124e-03
139                     	2.9141916696526704e-01	1.3225001664470165e-01	1.5916915032056536e-01	5.2372817173872349e-02	-4.6648353465168928e-02	9.9021170639041284e-02	-7.2834762052105109e-02	-1.3459566837931860e-02	1.3143520332623282e-02	3.3426075554704990e-02	2.9856558109975777e-02	3.5695174447292121e-03
140                     	2.9192883889470450e-01	1.3269715710774019e-01	1.5923168178696431e-01	5.0256101398849722e-02	-4.6594733128628864e-02	9.6850834527478585e-02	-7.1722783828053721e-02	-1.3267262339612070e-02	1.2907796461750363e-02	3.1974846526037291e-02	2.8895219724769008e-02	3.0796268012682820e-03
141                     	2.9235212524463505e-01	1.3314345700826496e-01	1.5920866823637006e-01	4.7768023530381953e-02	-4.6435440231749156e-02	9.4203463762131096e-02	-7.0319451996940133e-02	-1.3032605614052541e-02	1.2777438847081600e-02	3.0207688058534844e-02	2.7881282876349018e-02	2.3264051821858208e-03
142                     	2.9256068745887931e-01	1.3350227955335042e-01	1.5905840790552891e-01	4.5722767473338796e-02	-4.5880389445465485e-02	9.1603156918804274e-02	-6.8741773182134883e-02	-1.2778064176089251e-02	1.2756343401143797e-02	2.8301999372483351e-02	2.6907343087385471e-02	1.3946562850978791e-03
143                     	2.9247174992775399e-01	1.3372675029634032e-01	1.5874499963141370e-01	4.4690128155933706e-02	-4.4843666856172366e-02	8.9533795012106079e-02	-6.7188730934139226e-02	-1.2509124667536691e-02	1.2894698838622978e-02	2.6400910681121995e-02	2.6095154179183976e-02	3.0575650193801916e-04
144                     	2.9204181843990351e-01	1.3380821277562094e-01	1.5823360566428257e-01	4.4545000194699959e-02	-4.3636676017296178e-02	8.8181676211996143e-02	-6.5909176114646154e-02	-1.2212696444330817e-02	1.3230901347734166e-02	2.4580335472683543e-02	2.5521069084075941e-02	-9.4073361139239463e-04
145                     	2.9128470348877700e-01	1.3375259973407716e-01	1.5753210375469984e-01	4.4974087083433915e-02	-4.2574590574806351e-02	8.7548677658240273e-02	-6.5061634116523312e-02	-1.1889752010311342e-02	1.3733874796264216e-02	2.2931014898579048e-02	2.5199382245553740e-02	-2.2683673469746919e-03
146                     	2.9019163365290879e-01	1.3354421870072516e-01	1.5664741495218365e-01	4.5635956376043778e-02	-4.1875167882037920e-02	8.7511124258081691e-02	-6.4693146070059812e-02	-1.1551598125729241e-02	1.4304578938043294e-02	2.1611964599184404e-02	2.5110561237635498e-02	-3.4985966384510920e-03
147                     	2.8876156581406465e-01	1.3317570024257114e-01	1.5558586557149348e-01	4.6325247747654272e-02	-4.1631339240933360e-02	8.7956586988587618e-02	-6.4793963114760489e-02	-1.1205082664461161e-02	1.4848843980047583e-02	2.0696158258870730e-02	2.5196923109482950e-02	-4.5007648506122178e-03
148                     	2.8707583300110068e-01	1.3266782549436418e-01	1.5440800750673647e-01	4.6759524176526221e-02	-4.2015636135025070e-02	8.8775160311551291e-02	-6.5395398223288187e-02	-1.0870091006186147e-02	1.5288448356034587e-02	2.0201077803987333e-02	2.5388987258028257e-02	-5.1879094540409195e-03
149                     	2.8538550879774760e-01	1.3211599173671423e-01	1.5326951706103337e-01	4.6940625558872372e-02	-4.3022001231577942e-02	8.9962626790450320e-02	-6.6492314011014131e-02	-1.0576762662159584e-02	1.5566134317246206e-02	2.0173581245266168e-02	2.5652924939879290e-02	-5.4793436946131207e-03
150                     	2.8398300763231610e-01	1.3163961053855974e-01	1.5234339709375633e-01	4.7217048436061830e-02	-4.4229230539688566e-02	9.1446278975750403e-02	-6.7837754757719484e-02	-1.0351893277598305e-02	1.5650385780251415e-02	2.0699867828032327e-02	2.6000319694267578e-02	-5.3004518662352496e-03
