# Force and moment coefficients
# dragDir               : (1.0000000000000000e+00 0.0000000000000000e+00 0.0000000000000000e+00)
# sideDir               : (0.0000000000000000e+00 1.0000000000000000e+00 0.0000000000000000e+00)
# liftDir               : (0.0000000000000000e+00 0.0000000000000000e+00 1.0000000000000000e+00)
# rollAxis              : (1.0000000000000000e+00 0.0000000000000000e+00 0.0000000000000000e+00)
# pitchAxis             : (0.0000000000000000e+00 1.0000000000000000e+00 0.0000000000000000e+00)
# yawAxis               : (0.0000000000000000e+00 0.0000000000000000e+00 1.0000000000000000e+00)
# magUInf               : 3.8889000000000003e+01
# lRef                  : 2.7861799999999999e+00
# Aref                  : 2.1699999999999999e+00
# CofR                  : (1.4000900000000001e+00 0.0000000000000000e+00 -3.1759999999999999e-01)
#
# Time                  	Cd                      	Cd(f)                   	Cd(r)                   	Cl                      	Cl(f)                   	Cl(r)                   	CmPitch                 	CmRoll                  	CmYaw                   	Cs                      	Cs(f)                   	Cs(r)                   
1                       	1.1991912118048833e+00	6.0010146307682755e-01	5.9908974872805576e-01	-6.4024697333027225e-01	-8.1400839414304982e-02	-5.5884613391596738e-01	2.3872264725083117e-01	5.0585717438588374e-04	4.3736377701234031e-03	-8.2011097386816504e-03	2.7308290078257788e-04	-8.4741926394642283e-03
2                       	6.6565632381705975e-01	3.3029735554616796e-01	3.3535896827089184e-01	-4.3907455303946297e-01	-2.0324976033518696e-01	-2.3582479270427598e-01	1.6287516184544517e-02	-2.5308063623619534e-03	3.0546788482875950e-03	4.8156717425395920e-03	5.4625147195573910e-03	-6.4684297701779914e-04
3                       	3.9361690229170299e-01	1.9403472371844682e-01	1.9958217857325619e-01	-3.3612860790498111e-01	-2.1675458755183344e-01	-1.1937402035314769e-01	-4.8690283599342868e-02	-2.7737274274046734e-03	3.5506689189347893e-03	6.6250383269847845e-03	6.8631880824271815e-03	-2.3814975544239711e-04
4                       	3.1866271114301392e-01	1.5641575987026843e-01	1.6224695127274547e-01	-3.3264442887444684e-01	-2.2977509587076525e-01	-1.0286933300368162e-01	-6.3452881433541816e-02	-2.9155957012385100e-03	3.8542669309917536e-03	6.5777091103076234e-03	7.1431214861455644e-03	-5.6541237583794155e-04
5                       	3.2076754299203181e-01	1.5698225483102157e-01	1.6378528816101026e-01	-3.6771426757557468e-01	-2.4601335545498085e-01	-1.2170091212059381e-01	-6.2156221667193534e-02	-3.4015166649943576e-03	4.2453517854039464e-03	7.2613016002852160e-03	7.8760025855465540e-03	-6.1470098526133794e-04
6                       	3.4815957498304761e-01	1.6999251996561687e-01	1.7816705501743071e-01	-4.0052292220843766e-01	-2.5700268507226071e-01	-1.4352023713617698e-01	-5.6741223968041862e-02	-4.0872675259069338e-03	4.7683574787052195e-03	8.5781629484513629e-03	9.0574389529309001e-03	-4.7927600447953756e-04
7                       	3.7890821774916555e-01	1.8485115896333101e-01	1.9405705878583454e-01	-4.1947904424415700e-01	-2.6009456077677862e-01	-1.5938448346737838e-01	-5.0355038654700118e-02	-4.6029499112517731e-03	5.3441474875223268e-03	9.7865264639884278e-03	1.0237410719516541e-02	-4.5088425552811259e-04
8                       	4.0437146177693850e-01	1.9726425864025440e-01	2.0710720313668410e-01	-4.1762376870679080e-01	-2.5455105595787897e-01	-1.6307271274891183e-01	-4.5739171604483583e-02	-4.9214722482148598e-03	5.7239553470579121e-03	1.0550775595206913e-02	1.0999343144661368e-02	-4.4856754945445554e-04
9                       	4.2220760538952073e-01	2.0601976255279425e-01	2.1618784283672648e-01	-3.9397114073730699e-01	-2.4061514525895786e-01	-1.5335599547834913e-01	-4.3629574890304348e-02	-5.0840401419661278e-03	5.7955985643006408e-03	1.0853005000445193e-02	1.1222101064523239e-02	-3.6909606407804394e-04
10                      	4.3416848815295866e-01	2.1208448817477804e-01	2.2208399997818062e-01	-3.5751061906641224e-01	-2.2346847322870378e-01	-1.3404214583770846e-01	-4.4713163695497674e-02	-4.9997559017012742e-03	5.5621777241062252e-03	1.0607840327012919e-02	1.0866097887612683e-02	-2.5825756059976541e-04
11                      	4.4222399609365071e-01	2.1632900909893624e-01	2.2589498699471447e-01	-3.1572220935100886e-01	-2.0570979075202220e-01	-1.1001241859898667e-01	-4.7848686076517752e-02	-4.7829889478891224e-03	5.0114222603682744e-03	1.0003125879949178e-02	1.0012985200342862e-02	-9.8593203936860166e-06
12                      	4.4651569174703071e-01	2.1864101545767656e-01	2.2787467628935412e-01	-2.7546424873573350e-01	-1.8982643068338648e-01	-8.5637818052347034e-02	-5.2094306315519735e-02	-4.6168304158387824e-03	4.3875556321170918e-03	9.5228706102700542e-03	9.1489909372521189e-03	3.7387967301793547e-04
13                      	4.4833545951508913e-01	2.1965155585632082e-01	2.2868390365876831e-01	-2.4049882227488478e-01	-1.7543058807177350e-01	-6.5068234203111280e-02	-5.5181176934331118e-02	-4.5161739012237381e-03	3.7395501057896621e-03	9.0615040527107539e-03	8.2703021321450382e-03	7.9120192056571508e-04
14                      	4.4785790370973044e-01	2.1952295236317110e-01	2.2833495134655934e-01	-2.1379684886559203e-01	-1.6332955974403485e-01	-5.0467289121557200e-02	-5.6431135311238813e-02	-4.4059994916941306e-03	3.1326468018094120e-03	8.5398978200469829e-03	7.4025957118329039e-03	1.1373021082140796e-03
15                      	4.4625528125764080e-01	2.1889963469204760e-01	2.2735564656559323e-01	-1.9438890649449286e-01	-1.5395459263165506e-01	-4.0434313862837801e-02	-5.6760139384408631e-02	-4.2280059367728155e-03	2.6682488171746706e-03	8.0002559085457364e-03	6.6683767714475380e-03	1.3318791370981974e-03
16                      	4.4464692637103098e-01	2.1835210081966738e-01	2.2629482555136363e-01	-1.7992899506394669e-01	-1.4655498899742375e-01	-3.3374006066522917e-02	-5.6590491465450428e-02	-3.9713623658481035e-03	2.4306781068813006e-03	7.4421747565930852e-03	6.1517654851778432e-03	1.2904092714152420e-03
17                      	4.4349898946239519e-01	2.1813573265417510e-01	2.2536325680822011e-01	-1.6527487593850662e-01	-1.3960933139733081e-01	-2.5665544541175801e-02	-5.6971893428077507e-02	-3.6137620770225055e-03	2.2747108246099997e-03	6.9575333272658187e-03	5.7534774882429095e-03	1.2040558390229094e-03
18                      	4.4260238907438032e-01	2.1806471168347860e-01	2.2453767739090172e-01	-1.4775684580744400e-01	-1.3206748308033975e-01	-1.5689362727104240e-02	-5.8189060176617756e-02	-3.2364828537115547e-03	2.1985036493466954e-03	6.6615818601819306e-03	5.5292945794376607e-03	1.1322872807442697e-03
19                      	4.4216880003531339e-01	2.1821303354840041e-01	2.2395576648691301e-01	-1.2710997761488754e-01	-1.2367787855999322e-01	-3.4320990548943266e-03	-6.0122889752549445e-02	-2.8713664692562933e-03	2.2508812356442942e-03	6.4941647128349536e-03	5.4979635920617709e-03	9.9620112077318263e-04
20                      	4.4237042568579882e-01	2.1865817298048795e-01	2.2371225270531087e-01	-1.0323324298042709e-01	-1.1420497672841805e-01	1.0971733747990962e-02	-6.2588355238204510e-02	-2.5270398624114743e-03	2.4139023329309904e-03	6.3849085790391655e-03	5.6063566224505727e-03	7.7855195658859202e-04
21                      	4.4295342674020971e-01	2.1913306117037570e-01	2.2382036556983403e-01	-7.6783747698692215e-02	-1.0346557186229804e-01	2.6681824163605834e-02	-6.5073698012951944e-02	-2.3436521997291489e-03	2.6921367178030144e-03	6.5502573686227264e-03	5.9672654021143768e-03	5.8299196650834855e-04
22                      	4.4349879606757070e-01	2.1935738091645485e-01	2.2414141515111585e-01	-5.0527459178302481e-02	-9.2162407526889575e-02	4.1634948348587088e-02	-6.6898677937738335e-02	-2.3920171173305027e-03	3.0202992029048710e-03	7.2546741018942266e-03	6.6476362538519847e-03	6.0703784804224217e-04
23                      	4.4366630452837719e-01	2.1919308638917492e-01	2.2447321813920224e-01	-2.6888380279566620e-02	-8.0825465179534775e-02	5.3937084899968166e-02	-6.7381275039751470e-02	-2.6400658750136722e-03	3.3620338596610766e-03	8.6047249963740174e-03	7.6643963578480858e-03	9.4032863852593226e-04
24                      	4.4298958718347747e-01	2.1853920667144411e-01	2.2445038051203334e-01	-4.2601055185049943e-03	-6.9153505160032769e-02	6.4893399641527766e-02	-6.7023452400780267e-02	-2.9555869202946040e-03	3.8010394859661787e-03	1.0435285598231391e-02	9.0186822850818749e-03	1.4166033131495161e-03
25                      	4.4198224312755086e-01	2.1765642627017606e-01	2.2432581685737482e-01	1.6297439131265298e-02	-5.8988945098780429e-02	7.5286384230045716e-02	-6.7137664664413080e-02	-3.3346952935993813e-03	4.4855814319981358e-03	1.2724232900418891e-02	1.0847697882207583e-02	1.8765350182113089e-03
26                      	4.4147925038854957e-01	2.1687516961002820e-01	2.2460408077852137e-01	3.3363616893931761e-02	-5.1489845564527459e-02	8.4853462458459220e-02	-6.8171654011493346e-02	-3.8644555842465736e-03	5.3315640238256971e-03	1.5352080701118495e-02	1.3007604374384944e-02	2.3444763267335507e-03
27                      	4.4121625354716298e-01	2.1612930030126068e-01	2.2508695324590228e-01	4.5989384997363665e-02	-4.6536587576904279e-02	9.2525972574267951e-02	-6.9531280075586122e-02	-4.4788264723208118e-03	6.2974211029772596e-03	1.7844481780877001e-02	1.5219661993415760e-02	2.6248197874612408e-03
28                      	4.4099851492121628e-01	2.1547749082751425e-01	2.2552102409370203e-01	5.1838063545924823e-02	-4.4866063778617925e-02	9.6704127324542755e-02	-7.0785095551580329e-02	-5.0217666330938989e-03	7.0420300598408496e-03	1.9761290121202764e-02	1.6922675120442231e-02	2.8386150007605315e-03
29                      	4.4069126005621262e-01	2.1494137813260941e-01	2.2574988192360321e-01	5.1449143624381896e-02	-4.6500055712836663e-02	9.7949199337218573e-02	-7.2224627525027618e-02	-5.4042518954968985e-03	7.4821158552514193e-03	2.0741280856522055e-02	1.7852756283512447e-02	2.8885245730096076e-03
30                      	4.3988160268202531e-01	2.1437997415108584e-01	2.2550162853093947e-01	4.9203154516518716e-02	-4.9404689772554730e-02	9.8607844289073432e-02	-7.4006267030814088e-02	-5.5608271899268268e-03	7.4303432295383031e-03	2.0820828884295636e-02	1.7840757671686119e-02	2.9800712126095146e-03
31                      	4.3867115500311488e-01	2.1383420897114294e-01	2.2483694603197196e-01	4.7399817954373182e-02	-5.1903892743748972e-02	9.9303710698122161e-02	-7.5603801720935560e-02	-5.5013685304144914e-03	6.8406456407739029e-03	1.9924366256031341e-02	1.6802828768789572e-02	3.1215374872417684e-03
32                      	4.3709086376183248e-01	2.1307808868128925e-01	2.2401277508054324e-01	4.4946717575624698e-02	-5.3894972889117036e-02	9.8841690464741727e-02	-7.6368331676929385e-02	-5.4673431996269837e-03	5.9494725064686282e-03	1.8475421470680448e-02	1.5187183241808851e-02	3.2882382288715955e-03
33                      	4.3538201529919068e-01	2.1221172551545395e-01	2.2317028978373671e-01	4.1844574901990297e-02	-5.5175814644939446e-02	9.7020389546929750e-02	-7.6098102095934594e-02	-5.4792821341413901e-03	4.9126143982324644e-03	1.6879576298196270e-02	1.3352402547330600e-02	3.5271737508656706e-03
34                      	4.3384285473556100e-01	2.1148808179161241e-01	2.2235477294394859e-01	4.1182236099983165e-02	-5.4817257706293795e-02	9.5999493806276953e-02	-7.5408375756285367e-02	-5.4333455761681063e-03	3.8312723765156938e-03	1.5370357743411537e-02	1.1516451248221461e-02	3.8539064951900750e-03
35                      	4.3267149342198502e-01	2.1111406803245117e-01	2.2155742538953385e-01	4.3968387829710243e-02	-5.3145151532153906e-02	9.7113539361864148e-02	-7.5129345447009027e-02	-5.2216786785413355e-03	2.8525189826071043e-03	1.4028588245402152e-02	9.8668131053081792e-03	4.1617751400939715e-03
36                      	4.3236003072776064e-01	2.1145416857113780e-01	2.2090586215662281e-01	4.8066128578577186e-02	-5.0879296906565369e-02	9.8945425485142555e-02	-7.4912361195853955e-02	-4.7258467927424911e-03	2.0936235559471639e-03	1.2941251758489364e-02	8.5642494351918456e-03	4.3770023232975177e-03
37                      	4.3312183964275169e-01	2.1237797588767562e-01	2.2074386375507607e-01	5.1286327765782680e-02	-4.9252901922754770e-02	1.0053922968853744e-01	-7.4896065805646103e-02	-4.1829439337002193e-03	1.7382736042184715e-03	1.2349818106058659e-02	7.9131826572478026e-03	4.4366354488108587e-03
38                      	4.3455420450072657e-01	2.1353557975189236e-01	2.2101862474883421e-01	5.2083531490363787e-02	-4.9314274928918260e-02	1.0139780641928205e-01	-7.5356040674100150e-02	-3.7415224984709327e-03	1.8220333672473634e-03	1.2425379807919459e-02	8.0347232712070921e-03	4.3906565367123661e-03
39                      	4.3638870457514534e-01	2.1459269384414034e-01	2.2179601073100502e-01	5.0303305805356330e-02	-5.0568242957164264e-02	1.0087154876252061e-01	-7.5719895859842429e-02	-3.6016584434323449e-03	2.2184274323731536e-03	1.3216033234012266e-02	8.8264440493792864e-03	4.3895891846329801e-03
40                      	4.3806006706835021e-01	2.1528277688496647e-01	2.2277729018338374e-01	4.7229518936174719e-02	-5.1530094326082507e-02	9.8759613262257212e-02	-7.5144853794169852e-02	-3.7472566492086274e-03	2.7452993890877942e-03	1.4278536379693551e-02	9.8845675789345690e-03	4.3939688007589815e-03
