# Force and moment coefficients
# dragDir               : (1.0000000000000000e+00 0.0000000000000000e+00 0.0000000000000000e+00)
# sideDir               : (0.0000000000000000e+00 1.0000000000000000e+00 0.0000000000000000e+00)
# liftDir               : (0.0000000000000000e+00 0.0000000000000000e+00 1.0000000000000000e+00)
# rollAxis              : (1.0000000000000000e+00 0.0000000000000000e+00 0.0000000000000000e+00)
# pitchAxis             : (0.0000000000000000e+00 1.0000000000000000e+00 0.0000000000000000e+00)
# yawAxis               : (0.0000000000000000e+00 0.0000000000000000e+00 1.0000000000000000e+00)
# magUInf               : 3.8889000000000003e+01
# lRef                  : 2.7861799999999999e+00
# Aref                  : 2.1699999999999999e+00
# CofR                  : (1.4000900000000001e+00 0.0000000000000000e+00 -3.1759999999999999e-01)
#
# Time                  	Cd                      	Cd(f)                   	Cd(r)                   	Cl                      	Cl(f)                   	Cl(r)                   	CmPitch                 	CmRoll                  	CmYaw                   	Cs                      	Cs(f)                   	Cs(r)                   
1                       	1.1969364927985031e+00	5.9858937729877282e-01	5.9834711549973030e-01	-6.3302192616063502e-01	-7.4276078847155799e-02	-5.5874584731347932e-01	2.4223488423316172e-01	1.2113089952126821e-04	6.4718907735239082e-03	-7.4109707240004067e-03	2.7664054115237049e-03	-1.0177376135524111e-02
2                       	6.6575652222355808e-01	3.3136641875509121e-01	3.3439010346846687e-01	-4.3295139649390774e-01	-1.9056307165291175e-01	-2.4238832484099598e-01	2.5912626594042129e-02	-1.5118423566878158e-03	4.1673033699451707e-03	2.1129313674709154e-03	5.2237690536806282e-03	-3.1108376862097136e-03
3                       	3.9476850086827781e-01	1.9515435156789759e-01	1.9961414930038024e-01	-3.3257534910014031e-01	-2.1238768883000828e-01	-1.2018766027013203e-01	-4.6100014279938123e-02	-2.2298988662413219e-03	3.9257696925410045e-03	3.8424801613356624e-03	5.8470097732088357e-03	-2.0045296118731733e-03
4                       	3.1910762673095716e-01	1.5691066066055659e-01	1.6219696607040054e-01	-3.2707059869703053e-01	-2.2877589550769167e-01	-9.8294703189338875e-02	-6.5240596159176392e-02	-2.6431527049219738e-03	4.2007781817647036e-03	4.4787028261001486e-03	6.4401295948147775e-03	-1.9614267687146289e-03
5                       	3.2086019965691570e-01	1.5715971433276393e-01	1.6370048532415177e-01	-3.5922917561178436e-01	-2.4453170792379145e-01	-1.1469746768799288e-01	-6.4917120117899282e-02	-3.2703854956939150e-03	4.6346352501050701e-03	6.0325060784657356e-03	7.6508882893379371e-03	-1.6183822108722023e-03
6                       	3.4806294607818722e-01	1.7007031679484336e-01	1.7799262928334383e-01	-3.9199089896825690e-01	-2.5543014965516458e-01	-1.3656074931309234e-01	-5.9434700171036109e-02	-3.9611562442502576e-03	5.0889918580634087e-03	7.9235555092186521e-03	9.0507696126727339e-03	-1.1272141034540828e-03
7                       	3.7874511608791939e-01	1.8485642050624554e-01	1.9388869558167388e-01	-4.1073533181529953e-01	-2.5798934828891906e-01	-1.5274598352638050e-01	-5.2621682381269269e-02	-4.5161375377141752e-03	5.5327444266164297e-03	9.5779936727843819e-03	1.0321741263008621e-02	-7.4374759022423841e-04
8                       	4.0415249598020075e-01	1.9715654735743265e-01	2.0699594862276813e-01	-4.0736109032852541e-01	-2.5214882250168352e-01	-1.5521226782684192e-01	-4.8468277337420797e-02	-4.9197006326677324e-03	5.7876952212088184e-03	1.0758248341805979e-02	1.1166819392111808e-02	-4.0857105030582877e-04
9                       	4.2210954947967122e-01	2.0597762788572960e-01	2.1613192159394159e-01	-3.8251747251887652e-01	-2.3850052176144404e-01	-1.4401695075743251e-01	-4.7241785502005772e-02	-5.0771468541060145e-03	5.8352239844427960e-03	1.1422273374951719e-02	1.1546360671918656e-02	-1.2408729696693682e-04
10                      	4.3391196518425634e-01	2.1187101225365004e-01	2.2204095293060627e-01	-3.4379465244989788e-01	-2.2108337735139638e-01	-1.2271127509850148e-01	-4.9186051126447451e-02	-5.0849703384781139e-03	5.7077202679083642e-03	1.1687185059033798e-02	1.1551312797425264e-02	1.3587226160853495e-04
11                      	4.4167690003272003e-01	2.1584213090667548e-01	2.2583476912604453e-01	-3.0040815541514015e-01	-2.0350739872693202e-01	-9.6900756688208120e-02	-5.3303321019361936e-02	-4.9963191096845131e-03	5.3939874378437606e-03	1.1569837635071505e-02	1.1178906255379513e-02	3.9093137969199189e-04
12                      	4.4615922659154589e-01	2.1820320336037369e-01	2.2795602323117220e-01	-2.6010731616992927e-01	-1.8788574844578076e-01	-7.2221567724148519e-02	-5.7832090360816116e-02	-4.8764099353992467e-03	4.9777108764358473e-03	1.1160095058506458e-02	1.0557758405689077e-02	6.0233665281738172e-04
13                      	4.4849431415945318e-01	2.1949781166031343e-01	2.2899650249913975e-01	-2.2588410451177249e-01	-1.7390222091233093e-01	-5.1981883599441552e-02	-6.0960168656444692e-02	-4.7493454194131573e-03	4.5638618762588925e-03	1.0657618498950751e-02	9.8926711257342672e-03	7.6494737321648320e-04
14                      	4.4873399486268017e-01	2.1971161218610150e-01	2.2902238267657871e-01	-2.0118808489682663e-01	-1.6245983909282086e-01	-3.8728245804005780e-02	-6.1865796644407535e-02	-4.6553852452386043e-03	4.1911391471470905e-03	1.0349321101072997e-02	9.3657996976835873e-03	9.8352140338940782e-04
15                      	4.4802056037860344e-01	2.1947989741560991e-01	2.2854066296299355e-01	-1.8439745752754780e-01	-1.5367038898495275e-01	-3.0727068542595042e-02	-6.1471660221178864e-02	-4.5303827736918314e-03	3.9590738039086033e-03	1.0125385714059918e-02	9.0217666609385613e-03	1.1036190531213555e-03
16                      	4.4717021388592476e-01	2.1917480050283134e-01	2.2799541338309345e-01	-1.7206811807324957e-01	-1.4644126752589329e-01	-2.5626850547356268e-02	-6.0407208489268512e-02	-4.4103064401310507e-03	3.9685059480221822e-03	1.0029727074349471e-02	8.9833694851969171e-03	1.0463575891525528e-03
17                      	4.4647256651180367e-01	2.1899701013460918e-01	2.2747555637719447e-01	-1.5967610443940253e-01	-1.3964686764307366e-01	-2.0029236796328884e-02	-5.9808815423372380e-02	-4.2392731212926521e-03	4.1475423878962643e-03	1.0001360062410279e-02	9.1482224191014056e-03	8.5313764330887537e-04
18                      	4.4586386988385573e-01	2.1888461244370566e-01	2.2697925744015007e-01	-1.4459095899323915e-01	-1.3240096946401750e-01	-1.2189989529221644e-02	-6.0105489967397931e-02	-4.0473224982222012e-03	4.3528258067293572e-03	1.0112011485513824e-02	9.4088315494862684e-03	7.0317993602755425e-04
19                      	4.4546675608449748e-01	2.1892728198787337e-01	2.2653947409662412e-01	-1.2613788467868492e-01	-1.2428328976669230e-01	-1.8545949119926318e-03	-6.1214347427349831e-02	-3.8060960543753958e-03	4.4521312025903471e-03	1.0183382801509008e-02	9.5438226033448502e-03	6.3956019816415691e-04
20                      	4.4569694209772154e-01	2.1934109959286402e-01	2.2635584250485752e-01	-1.0397177415449568e-01	-1.1504140603540934e-01	1.1069631880913641e-02	-6.3055518958161486e-02	-3.5073714559967725e-03	4.3582125785217064e-03	1.0216444310863562e-02	9.4664347339534893e-03	7.5000957691007412e-04
21                      	4.4605810348535319e-01	2.1973868425785315e-01	2.2631941922750001e-01	-7.8502171278576754e-02	-1.0418261530875200e-01	2.5680444030175248e-02	-6.4931529669463625e-02	-3.2903674848234464e-03	4.2191294606942573e-03	1.0338452449432404e-02	9.3883556854104603e-03	9.5009676402194455e-04
22                      	4.4616261359815912e-01	2.1985813778347843e-01	2.2630447581468069e-01	-5.2137152549357753e-02	-9.2478975283136519e-02	4.0341822733778773e-02	-6.6410399008457646e-02	-3.2231690156011386e-03	4.1194355380855547e-03	1.0737438096151847e-02	9.4881545861614791e-03	1.2492835099903684e-03
23                      	4.4583958909801480e-01	2.1958925718802527e-01	2.2625033190998953e-01	-2.7761367750119528e-02	-8.0856491817206777e-02	5.3095124067087246e-02	-6.6975807942147011e-02	-3.3305373609821198e-03	4.1442321908383133e-03	1.1417172395949561e-02	9.8528183888130939e-03	1.5643540071364672e-03
24                      	4.4501219126017999e-01	2.1898413272518594e-01	2.2602805853499405e-01	-3.9437486009620566e-03	-6.8786737196374834e-02	6.4842988595412765e-02	-6.6814862895893806e-02	-3.5219629049040497e-03	4.3488172809478766e-03	1.2550042702139018e-02	1.0623838632017385e-02	1.9262040701216330e-03
25                      	4.4418988146002825e-01	2.1819555028581750e-01	2.2599433117421075e-01	1.7878121238429367e-02	-5.7667129813088851e-02	7.5545251051518214e-02	-6.6606190432303536e-02	-3.8993904441966252e-03	4.8862711641601587e-03	1.4587379413291945e-02	1.2179960870806132e-02	2.4074185424858138e-03
26                      	4.4388570185123472e-01	2.1748345885311221e-01	2.2640224299812250e-01	3.6390806798796749e-02	-4.8579461384065825e-02	8.4970268182862588e-02	-6.6774864783464200e-02	-4.4593920725051559e-03	5.6756670510853145e-03	1.7215295486607721e-02	1.4283314794389176e-02	2.9319806922185462e-03
27                      	4.4386121646228704e-01	2.1678796196046332e-01	2.2707325450182372e-01	5.0777864503543782e-02	-4.2067361525633618e-02	9.2845226029177400e-02	-6.7456293777405502e-02	-5.1426462706801882e-03	6.5528964912411379e-03	1.9760111356234383e-02	1.6432952169358330e-02	3.3271591868760529e-03
28                      	4.4396992006066538e-01	2.1619156809505266e-01	2.2777835196561272e-01	5.8844511690699715e-02	-3.9545836217106951e-02	9.8390347907806666e-02	-6.8968092062456812e-02	-5.7933919352800367e-03	7.3564657135757995e-03	2.1631399530339809e-02	1.8172165478745703e-02	3.4592340515941051e-03
29                      	4.4415218104159210e-01	2.1576796542478890e-01	2.2838421561680319e-01	5.9549842018053335e-02	-4.1242365561521221e-02	1.0079220757957455e-01	-7.1017286570547886e-02	-6.3081250960071522e-03	7.9250766891874325e-03	2.2594159965744005e-02	1.9222156672059437e-02	3.3720032936845681e-03
30                      	4.4411543210244336e-01	2.1551013968343341e-01	2.2860529241900995e-01	5.6508383933371799e-02	-4.4923149315737487e-02	1.0143153324910929e-01	-7.3177341282423383e-02	-6.5475763677882801e-03	7.9797746004689456e-03	2.2372591876212978e-02	1.9166070538575435e-02	3.2065213376375424e-03
31                      	4.4360283038231252e-01	2.1519165778838822e-01	2.2841117259392432e-01	5.2613165833199860e-02	-4.7981766364568530e-02	1.0059493219776838e-01	-7.4288349281168453e-02	-6.6097574027680411e-03	7.5563525667065763e-03	2.1340442994314843e-02	1.8226574063864000e-02	3.1138689304508454e-03
32                      	4.4266850456974999e-01	2.1466563751359016e-01	2.2800286705615982e-01	4.7613403074490863e-02	-5.0256514358384803e-02	9.7869917432875667e-02	-7.4063215895630238e-02	-6.6686147712848379e-03	6.8800794625666784e-03	1.9878905892773659e-02	1.6819532408953508e-02	3.0593734838201513e-03
33                      	4.4127929887527495e-01	2.1389560333320576e-01	2.2738369554206919e-01	4.2221847449296676e-02	-5.1505811509143115e-02	9.3727658958439791e-02	-7.2616735233791460e-02	-6.7440461044317168e-03	5.9951058454700366e-03	1.8220424257908617e-02	1.5105317974424345e-02	3.1151062834842719e-03
34                      	4.3937860082647129e-01	2.1292650567218846e-01	2.2645209515428283e-01	3.9238014441201008e-02	-5.0876722694733714e-02	9.0114737135934722e-02	-7.0495729915334218e-02	-6.7627947410471715e-03	4.9948261052198935e-03	1.6276979185856733e-02	1.3133315698148258e-02	3.1436634877084722e-03
35                      	4.3757731769241137e-01	2.1220212519488868e-01	2.2537519249752269e-01	3.9627917216025335e-02	-4.8610252970230722e-02	8.8238170186256057e-02	-6.8424211578243382e-02	-6.5865336513170085e-03	3.9995371766339896e-03	1.4141330728354188e-02	1.1070202540811083e-02	3.0711281875431045e-03
36                      	4.3621370278156057e-01	2.1197343490883436e-01	2.2424026787272619e-01	4.0359184103727977e-02	-4.6261435550509288e-02	8.6620619654237258e-02	-6.6441027602373276e-02	-6.1334164819459112e-03	2.9854279921857239e-03	1.2377040320108241e-02	9.1739481522398452e-03	3.2030921678683965e-03
37                      	4.3561559823705637e-01	2.1209981003200953e-01	2.2351578820504681e-01	4.0015104601888077e-02	-4.4661264910597770e-02	8.4676369512485847e-02	-6.4668817211541815e-02	-5.7079890865186301e-03	2.1797738907308548e-03	1.1458113749746660e-02	7.9088307656041846e-03	3.5492829841424749e-03
38                      	4.3606009013773672e-01	2.1242265950350370e-01	2.2363743063423303e-01	3.9171584550477138e-02	-4.4073821095989625e-02	8.3245405646466764e-02	-6.3659613371228191e-02	-5.6073855653646452e-03	1.8550005917381787e-03	1.1788677230621211e-02	7.7493392070487836e-03	4.0393380235724261e-03
39                      	4.3722972513467878e-01	2.1280760385031272e-01	2.2442212128436603e-01	3.7331872184731926e-02	-4.5219703327974918e-02	8.2551575512706837e-02	-6.3885639420340881e-02	-5.8072587170266620e-03	2.2245526183334524e-03	1.2872840597533353e-02	8.6609729171001296e-03	4.2118676804332230e-03
40                      	4.3844596105458611e-01	2.1322746942538504e-01	2.2521849162920110e-01	3.5260356676799137e-02	-4.7494508012457123e-02	8.2754864689256274e-02	-6.5124686350856692e-02	-5.9955111019080369e-03	2.8450036437159256e-03	1.3954742612749704e-02	9.8223749500907769e-03	4.1323676626589265e-03
41                      	4.3841165885287808e-01	2.1310813019361330e-01	2.2530352865926478e-01	3.4756298769541519e-02	-5.0554265153678855e-02	8.5310563923220381e-02	-6.7932414538449615e-02	-6.0976992328257559e-03	3.4925915039963952e-03	1.4828845135907993e-02	1.0907014071950391e-02	3.9218310639576011e-03
42                      	4.3652532587726606e-01	2.1207022167495962e-01	2.2445510420230647e-01	3.6709446767174983e-02	-5.3048351316007582e-02	8.9757798083182558e-02	-7.1403074699595073e-02	-6.1924412636734059e-03	4.1795407768471238e-03	1.5483206798828312e-02	1.1921144176261280e-02	3.5620626225670322e-03
43                      	4.3291929337061769e-01	2.0993491546317397e-01	2.2298437790744371e-01	3.9758683530807866e-02	-5.5010393737452687e-02	9.4769077268260560e-02	-7.4889735502856630e-02	-6.5247312221348771e-03	4.8403886455830073e-03	1.6096364573275682e-02	1.2888570932220848e-02	3.2077936410548334e-03
44                      	4.2822444679982291e-01	2.0701685798033537e-01	2.2120758881948757e-01	4.3366017979323476e-02	-5.5819428756312399e-02	9.9185446735635882e-02	-7.7502437745974137e-02	-7.0953654195761101e-03	5.3843478279900856e-03	1.6776342781689189e-02	1.3772519218834680e-02	3.0038235628545092e-03
45                      	4.2290931576020280e-01	2.0375764629343288e-01	2.1915166946676995e-01	4.7658591418781600e-02	-5.3982402001026164e-02	1.0164099341980777e-01	-7.7811697710416960e-02	-7.6970115866685567e-03	5.6583964037483945e-03	1.7354660118639845e-02	1.4335726463068316e-02	3.0189336555715282e-03
46                      	4.1758556061406210e-01	2.0063667117651135e-01	2.1694888943755075e-01	5.3462537075855403e-02	-4.8842760083824974e-02	1.0230529715968037e-01	-7.5574028621752665e-02	-8.1561091305197061e-03	5.4403813068901342e-03	1.7593643855249173e-02	1.4237203234514721e-02	3.3564406207344530e-03
47                      	4.1254320730004262e-01	1.9786910252727885e-01	2.1467410477276377e-01	5.8196081172953024e-02	-4.2979176729945903e-02	1.0117525790289894e-01	-7.2077217316422415e-02	-8.4025011227424687e-03	4.6277710698063431e-03	1.7079479782391164e-02	1.3167510961001926e-02	3.9119688213892379e-03
48                      	4.0823729962450367e-01	1.9558972719883855e-01	2.1264757242566512e-01	5.7807815835961771e-02	-3.9118326700963761e-02	9.6926142536925525e-02	-6.8022234618944646e-02	-8.5289226134132798e-03	3.6355125948897005e-03	1.6270162773074633e-02	1.1770593981427015e-02	4.4995687916476153e-03
49                      	4.0442006272863895e-01	1.9356027955280361e-01	2.1085978317583534e-01	5.1389480971754456e-02	-3.7189850088566040e-02	8.8579331060320510e-02	-6.2884590574443275e-02	-8.6497518115158812e-03	2.9389794435016429e-03	1.6259378992748524e-02	1.1068668939875905e-02	5.1907100528726189e-03
50                      	4.0112408779400943e-01	1.9182463013244422e-01	2.0929945766156524e-01	4.0672256082122812e-02	-3.6257724269796149e-02	7.6929980351918961e-02	-5.6593852310857548e-02	-8.7374137645605237e-03	2.4712169430969604e-03	1.7035997428869826e-02	1.0989215657531873e-02	6.0467817713379520e-03
51                      	3.9866003918222986e-01	1.9053223028785179e-01	2.0812780889437807e-01	2.7982925330883049e-02	-3.5834913182528273e-02	6.3817838513411329e-02	-4.9826375847969805e-02	-8.7977893032631337e-03	2.0266195766719185e-03	1.8067834161798243e-02	1.1060536657571039e-02	7.0072975042272034e-03
52                      	3.9645928212490550e-01	1.8934915521494705e-01	2.0711012690995845e-01	1.5523477114211055e-02	-3.5533886626664110e-02	5.1057363740875168e-02	-4.3295625183769643e-02	-8.8804858475057032e-03	1.4842564349923991e-03	1.8721016084831860e-02	1.0844764477408330e-02	7.8762516074235307e-03
53                      	3.9387656689498973e-01	1.8802451348441715e-01	2.0585205341057256e-01	4.6282587577920311e-03	-3.4895542430318560e-02	3.9523801188110594e-02	-3.7209671809214577e-02	-8.9137699630777029e-03	6.6222197970506062e-04	1.8731341757659812e-02	1.0027892858534967e-02	8.7034488991248465e-03
54                      	3.9081381814617328e-01	1.8658652086503430e-01	2.0422729728113898e-01	-4.5669696119954879e-03	-3.4118900713383735e-02	2.9551931101388245e-02	-3.1835415907385992e-02	-8.8203882080523186e-03	-3.5640574330560577e-04	1.7973552076004793e-02	8.6303702946967896e-03	9.3431817813080017e-03
55                      	3.8773136541273562e-01	1.8530419273165979e-01	2.0242717268107580e-01	-1.1392935974464996e-02	-3.3271591475448462e-02	2.1878655500983467e-02	-2.7575123488215968e-02	-8.5614899747079969e-03	-1.3306609535903690e-03	1.6756304932172155e-02	7.0474915124957094e-03	9.7088134196764465e-03
56                      	3.8500205983426561e-01	1.8422338121046461e-01	2.0077867862380100e-01	-1.5485890682106417e-02	-3.2912116785808937e-02	1.7426226103702522e-02	-2.5169171444755729e-02	-8.2776487066681895e-03	-2.0152525703460000e-03	1.5778926662132126e-02	5.8742107607200637e-03	9.9047159014120627e-03
57                      	3.8251445967910280e-01	1.8317762519838354e-01	1.9933683448071923e-01	-1.8276492412160825e-02	-3.3382522188397358e-02	1.5106029776236537e-02	-2.4244275982316949e-02	-8.0796046411678660e-03	-2.2766364351287159e-03	1.5233741551144930e-02	5.3402343404437488e-03	9.8935072107011815e-03
58                      	3.7997046551321934e-01	1.8209133229020907e-01	1.9787913322301029e-01	-2.0757364409737147e-02	-3.5085058487908403e-02	1.4327694078171256e-02	-2.4706376283039830e-02	-7.8939004664005871e-03	-2.0351718916066797e-03	1.5002900441285666e-02	5.4662783290361523e-03	9.5366221122495133e-03
59                      	3.7748937743992400e-01	1.8112426470742463e-01	1.9636511273249940e-01	-2.2766615704447848e-02	-3.7698301276738629e-02	1.4931685572290784e-02	-2.6314993424514706e-02	-7.6204240125373936e-03	-1.4176911869746888e-03	1.4912193290966441e-02	6.0384054585085317e-03	8.8737878324579092e-03
60                      	3.7494798832568527e-01	1.8018649729340250e-01	1.9476149103228277e-01	-2.3456514432399121e-02	-4.0669626669206059e-02	1.7213112236806945e-02	-2.8941369453006502e-02	-7.2874968694401354e-03	-7.7789611182424749e-04	1.4813136465560544e-02	6.6286721209560242e-03	8.1844643446045192e-03
61                      	3.7209108446745381e-01	1.7911432221921356e-01	1.9297676224824026e-01	-2.1455003700402688e-02	-4.3293814522845545e-02	2.1838810822442850e-02	-3.2566312672644197e-02	-6.9312200145133455e-03	-4.2988614884154161e-04	1.4571070186612401e-02	6.8556489444646582e-03	7.7154212421477420e-03
62                      	3.6909438568617980e-01	1.7819472447267853e-01	1.9089966121350124e-01	-1.8395798994713535e-02	-4.5490658537580747e-02	2.7094859542867208e-02	-3.6292759040223978e-02	-6.3524683704113561e-03	-5.2105465453661302e-04	1.3842175837645361e-02	6.4000332642860673e-03	7.4421425733592946e-03
63                      	3.6652033687894070e-01	1.7764614781290411e-01	1.8887418906603656e-01	-1.5580198139997569e-02	-4.7587595349118189e-02	3.2007397209120624e-02	-3.9797496279119410e-02	-5.6140206265662389e-03	-9.0978899536449235e-04	1.2860779542086769e-02	5.5206007756788923e-03	7.3401787664078766e-03
64                      	3.6449608854089355e-01	1.7736833782563211e-01	1.8712775071526144e-01	-1.3336956842211575e-02	-4.9701084247283887e-02	3.6364127405072312e-02	-4.3032605826178100e-02	-4.8797064448146731e-03	-1.2714859498329392e-03	1.1799481090545032e-02	4.6282545954395770e-03	7.1712264951054559e-03
65                      	3.6291221999918316e-01	1.7713878834696190e-01	1.8577343165222129e-01	-1.0136508593036246e-02	-5.1099360471074128e-02	4.0962851878037887e-02	-4.6031106174556011e-02	-4.3173216526297036e-03	-1.4353040585784065e-03	1.0577250994688094e-02	3.8533214387656404e-03	6.7239295559224531e-03
66                      	3.6161901070571140e-01	1.7684330304425394e-01	1.8477570766145746e-01	-4.7432241066756552e-03	-5.1358458184817005e-02	4.6615234078141346e-02	-4.8986846131479175e-02	-3.9662023086017607e-03	-1.3641661884219536e-03	9.2836446882570613e-03	3.2776561557065764e-03	6.0059885325504840e-03
67                      	3.6073910358445760e-01	1.7658456384807203e-01	1.8415453973638557e-01	3.1619737105192626e-03	-4.9941254571443647e-02	5.3103228281962914e-02	-5.1522241426703280e-02	-3.7849879441567702e-03	-1.0307544006804264e-03	8.1294292885664247e-03	3.0339602436027860e-03	5.0954690449636388e-03
68                      	3.6017362010714637e-01	1.7636705077363168e-01	1.8380656933351472e-01	1.2507756912923223e-02	-4.7275679159775943e-02	5.9783436072699161e-02	-5.3529557616237552e-02	-3.7197592799415070e-03	-5.0148082674812786e-04	7.2307194910960241e-03	3.1138789187998839e-03	4.1168405722961402e-03
69                      	3.5979519365398621e-01	1.7616261859795501e-01	1.8363257505603120e-01	2.1900781756374905e-02	-4.4406627670279308e-02	6.6307409426654210e-02	-5.5357018548466759e-02	-3.7349782290380918e-03	3.8530644082564354e-05	6.6771017618315869e-03	3.3770815249983574e-03	3.3000202368332291e-03
70                      	3.5920580108835737e-01	1.7579341811658222e-01	1.8341238297177512e-01	3.0409382811915322e-02	-4.1994009757522363e-02	7.2403392569437688e-02	-5.7198701163480026e-02	-3.8094824275964338e-03	3.6584222659951689e-04	6.5315938110415391e-03	3.6316391321202864e-03	2.8999546789212527e-03
71                      	3.5848496210093894e-01	1.7542490084413884e-01	1.8306006125680013e-01	3.7306972692409367e-02	-4.0267404994098185e-02	7.7574377686507559e-02	-5.8920891340302872e-02	-3.8175802063306449e-03	4.9365263152038007e-04	6.6816640222808052e-03	3.8344846426607831e-03	2.8471793796200225e-03
72                      	3.5812724786217559e-01	1.7540502185706022e-01	1.8272222600511540e-01	4.1834004311044108e-02	-3.9926111687058036e-02	8.1760115998102151e-02	-6.0843113842580093e-02	-3.6586020740275735e-03	5.4313697484480075e-04	6.9941550860692777e-03	4.0402145178794393e-03	2.9539405681898380e-03
73                      	3.5807266419109035e-01	1.7562024407114080e-01	1.8245242011994955e-01	4.5693837822476019e-02	-4.0358094216562307e-02	8.6051932039038326e-02	-6.3205013127800316e-02	-3.4160880244043981e-03	5.4644784935655366e-04	7.2555472045762216e-03	4.1742214516446640e-03	3.0813257529315572e-03
74                      	3.5787853647718376e-01	1.7569490972563057e-01	1.8218362675155317e-01	5.1155699160663724e-02	-4.0546444512077083e-02	9.1702143672740807e-02	-6.6124294092408942e-02	-3.2443585129612938e-03	4.7401393852999690e-04	7.5234617714256885e-03	4.2357448242428420e-03	3.2877169471828473e-03
75                      	3.5706835997772834e-01	1.7534384703583034e-01	1.8172451294189801e-01	5.8654736912436181e-02	-4.0585442660172194e-02	9.9240179572608375e-02	-6.9912811116390278e-02	-3.1903329530338330e-03	4.0312072277923081e-04	7.8937586739825129e-03	4.3500000597704869e-03	3.5437586142120256e-03
76                      	3.5496373977728274e-01	1.7422273751488374e-01	1.8074100226239898e-01	6.7527556686370130e-02	-4.0799261271994819e-02	1.0832681795836493e-01	-7.4563039615179877e-02	-3.2591323737576308e-03	3.7752631909112520e-04	8.3540280190170565e-03	4.5545403285996528e-03	3.7994876904174028e-03
77                      	3.5123937083017959e-01	1.7228799419605459e-01	1.7895137663412500e-01	7.7503125920100252e-02	-4.0636668403792972e-02	1.1813979432389322e-01	-7.9388231363843098e-02	-3.3316912190352048e-03	4.7980206029733796e-04	8.6891375866075225e-03	4.8243708536011001e-03	3.8647667330064237e-03
78                      	3.4602970790223336e-01	1.6971412267338584e-01	1.7631558522884749e-01	8.7376347450073624e-02	-3.9780151295822956e-02	1.2715649874589657e-01	-8.3468325020859768e-02	-3.3007312777308174e-03	7.4153409388974024e-04	8.5713691886547903e-03	5.0272186882171352e-03	3.5441505004376542e-03
79                      	3.4011340074481061e-01	1.6688001265625088e-01	1.7323338808855973e-01	9.5703115122161064e-02	-3.8244118465836724e-02	1.3394723358799779e-01	-8.6095676026917256e-02	-3.1766877161544201e-03	1.1277804624064732e-03	8.0950132526648368e-03	5.1752870887388910e-03	2.9197261639259450e-03
80                      	3.3448967174620869e-01	1.6425773337362753e-01	1.7023193837258113e-01	1.0241706017130053e-01	-3.5467580866768392e-02	1.3788464103806891e-01	-8.6676110952418658e-02	-2.9871024994768082e-03	1.5509570048443302e-03	7.4753301386741794e-03	5.2886220741814195e-03	2.1867080644927595e-03
81                      	3.2976165603682478e-01	1.6208615947245991e-01	1.6767549656436487e-01	1.0757432642626355e-01	-3.1576459767679158e-02	1.3915078619394269e-01	-8.5363622980810933e-02	-2.7946685459524752e-03	2.0042143916048729e-03	6.7784910052445082e-03	5.3934598942271270e-03	1.3850311110173812e-03
82                      	3.2619919656122254e-01	1.6041223826285669e-01	1.6578695829836587e-01	1.1041824827076997e-01	-2.7435418661345766e-02	1.3785366693211576e-01	-8.2644542796730752e-02	-2.6873600177546057e-03	2.4411393455006408e-03	6.1700656697860935e-03	5.5261721803936872e-03	6.4389348939240614e-04
83                      	3.2363198316234421e-01	1.5913704089084066e-01	1.6449494227150352e-01	1.1026613975035325e-01	-2.4182609316434733e-02	1.3444874906678800e-01	-7.9315679191611366e-02	-2.6789506903314190e-03	2.7424679474061671e-03	5.8056812550671376e-03	5.6453085749397355e-03	1.6037268012740168e-04
84                      	3.2183307966285496e-01	1.5818411645415817e-01	1.6364896320869679e-01	1.0741849751862916e-01	-2.2090793736351658e-02	1.2950929125498081e-01	-7.5800042495666228e-02	-2.7324233772693129e-03	2.8445782758694102e-03	5.7039901284365903e-03	5.6965733400877044e-03	7.4167883488848550e-06
85                      	3.2076675781349689e-01	1.5758314511696045e-01	1.6318361269653645e-01	1.0265229685886601e-01	-2.0996560349720431e-02	1.2364885720858643e-01	-7.2322708779153436e-02	-2.8002337897880115e-03	2.7289477714789157e-03	5.8207291722341447e-03	5.6393123575959880e-03	1.8141681463815638e-04
86                      	3.2030340378875538e-01	1.5730714554087080e-01	1.6299625824788455e-01	9.8049675413405687e-02	-1.9892713600510616e-02	1.1794238901391631e-01	-6.8917551307213457e-02	-2.8445563535068794e-03	2.3084126018419874e-03	6.2238085853595880e-03	5.4203168945217810e-03	8.0349169083780659e-04
87                      	3.1999293456110195e-01	1.5712728561116546e-01	1.6286564894993649e-01	9.4906493857344190e-02	-1.8100526392760597e-02	1.1300702025010478e-01	-6.5553773321432696e-02	-2.8691816693855177e-03	1.6642894111043359e-03	6.7666247660140167e-03	5.0476017941113440e-03	1.7190229719026724e-03
88                      	3.1937141989567319e-01	1.5682052137399061e-01	1.6255089852168259e-01	9.3331266842821753e-02	-1.5448327068596279e-02	1.0877959391141803e-01	-6.2113960490007156e-02	-2.8651885738459940e-03	9.7150764637342021e-04	7.1936978168366970e-03	4.5683565547917689e-03	2.6253412620449285e-03
89                      	3.1830219592827452e-01	1.5633418916771055e-01	1.6196800676056397e-01	9.2496359361414968e-02	-1.2343000635518669e-02	1.0483935999693364e-01	-5.8591180316226156e-02	-2.8169087964266992e-03	3.8687186428698568e-04	7.3100093441897957e-03	4.0418765363818832e-03	3.2681328078079121e-03
90                      	3.1695423536072792e-01	1.5574062922207649e-01	1.6121360613865143e-01	9.0870679692320169e-02	-9.8235852864708220e-03	1.0069426497879100e-01	-5.5258925132630907e-02	-2.7364884582874744e-03	-5.9201664654353376e-05	7.1096007344592883e-03	3.4955987025752908e-03	3.6140020318839975e-03
91                      	3.1550025358529860e-01	1.5503838114868426e-01	1.6046187243661433e-01	8.6700850508632826e-02	-9.0872172800767637e-03	9.5788067788709588e-02	-5.2437642534393175e-02	-2.7117456439650221e-03	-3.9843919751942887e-04	6.6955271227829381e-03	2.9493243638720398e-03	3.7462027589108978e-03
92                      	3.1390256842680059e-01	1.5409972687281334e-01	1.5980284155398722e-01	7.9730020342897820e-02	-1.0553613856639926e-02	9.0283634199537749e-02	-5.0418624028088839e-02	-2.8515573405869417e-03	-6.3439291959471646e-04	6.1539984657884772e-03	2.4426063132995221e-03	3.7113921524889550e-03
93                      	3.1221562095118688e-01	1.5296972383432825e-01	1.5924589711685866e-01	7.1344424077045596e-02	-1.3578645111873443e-02	8.4923069188919051e-02	-4.9250857150396246e-02	-3.1380866412652184e-03	-7.2974603615301014e-04	5.5451988212588859e-03	2.0428533744764328e-03	3.5023454467824526e-03
94                      	3.1032730409720893e-01	1.5167209308189522e-01	1.5865521101531371e-01	6.2513189270313546e-02	-1.7642707024367727e-02	8.0155896294681270e-02	-4.8899301659524497e-02	-3.4915589667092405e-03	-6.7481786051058626e-04	5.1433644740923974e-03	1.8968643765356126e-03	3.2465000975567845e-03
95                      	3.0825478030211539e-01	1.5029363208997806e-01	1.5796114821213733e-01	5.4062800748754150e-02	-2.2400237254281863e-02	7.6463038003036013e-02	-4.9431637628658938e-02	-3.8337580610796431e-03	-4.8194275257558433e-04	5.1187740457928057e-03	2.0774442703208186e-03	3.0413297754719871e-03
96                      	3.0600026996465268e-01	1.4878281948265329e-01	1.5721745048199937e-01	4.6621172436984250e-02	-2.7712060448188611e-02	7.4333232885172865e-02	-5.1022646666680743e-02	-4.2173154996730418e-03	-2.2214409359438302e-04	5.5973358662492990e-03	2.5765238395302663e-03	3.0208120267190327e-03
97                      	3.0352455172665671e-01	1.4705292819994134e-01	1.5647162352671540e-01	4.1092862997664126e-02	-3.2872618824015563e-02	7.3965481821679696e-02	-5.3419050322847626e-02	-4.7093476633870233e-03	6.8786070462893931e-05	6.7170712848489984e-03	3.4273217128873929e-03	3.2897495719616050e-03
98                      	3.0080332259241910e-01	1.4510367586918893e-01	1.5569964672323017e-01	3.8287426856274759e-02	-3.7111805543170763e-02	7.5399232399445515e-02	-5.6255518971308136e-02	-5.2979854270206106e-03	3.6992262163740189e-04	8.3921901467654356e-03	4.5660176950201199e-03	3.8261724517453161e-03
99                      	2.9797613711752452e-01	1.4311071572548500e-01	1.5486542139203952e-01	3.8719491869943591e-02	-3.9599973692591418e-02	7.8319465562535009e-02	-5.8959719627563210e-02	-5.8773528332772577e-03	7.1599834957144679e-04	1.0313014291743750e-02	5.8725054954433210e-03	4.4405087963004285e-03
100                     	2.9532159107492634e-01	1.4135184415201979e-01	1.5396974692290655e-01	4.2169801745132046e-02	-3.9913415450338351e-02	8.2083217195470404e-02	-6.0998316322904381e-02	-6.3089513854433866e-03	1.1571192860747560e-03	1.2158586103912938e-02	7.2364123380312248e-03	4.9221737658817133e-03
101                     	2.9298057209627004e-01	1.3998647164270783e-01	1.5299410045356224e-01	4.8108208937192906e-02	-3.8253798368632096e-02	8.6362007305824995e-02	-6.2307902837228549e-02	-6.5038144054272023e-03	1.7626755678692896e-03	1.3756912399216888e-02	8.6411317674777340e-03	5.1157806317391544e-03
102                     	2.9102586797397134e-01	1.3906246703138839e-01	1.5196340094258295e-01	5.5589985377263285e-02	-3.5581018867516197e-02	9.1171004244779488e-02	-6.3376011556147832e-02	-6.4504669555972985e-03	2.5676559325315792e-03	1.5057332643436259e-02	1.0096322254249708e-02	4.9610103891865502e-03
103                     	2.8953597794609920e-01	1.3854280688430956e-01	1.5099317106178967e-01	6.3140493263846381e-02	-3.2972358814416493e-02	9.6112852078262867e-02	-6.4542605446339676e-02	-6.2251820887400484e-03	3.5819430029384149e-03	1.6105047194099026e-02	1.1634466599987929e-02	4.4705805941110980e-03
104                     	2.8858326015355718e-01	1.3835172756617148e-01	1.5023153258738567e-01	7.0089748282467335e-02	-3.0813877959871616e-02	1.0090362624233895e-01	-6.5858752101105283e-02	-5.9399025106071047e-03	4.6744475033287545e-03	1.7068370355520657e-02	1.3208632681089084e-02	3.8597376744315746e-03
105                     	2.8807643168987973e-01	1.3835779073654225e-01	1.4971864095333748e-01	7.6275212933945805e-02	-2.9157142357272008e-02	1.0543235529121782e-01	-6.7294748824244910e-02	-5.6804251083976184e-03	5.6954688197498266e-03	1.7995129302617874e-02	1.4693033471058763e-02	3.3020958315591107e-03
106                     	2.8794698750948922e-01	1.3850698023165156e-01	1.4944000727783766e-01	8.1699050235261139e-02	-2.7795703279716668e-02	1.0949475351497781e-01	-6.8645228397347241e-02	-5.4665135230930412e-03	6.5257587355378342e-03	1.8848475979923562e-02	1.5949996725499616e-02	2.8984792544239474e-03
107                     	2.8810308569116311e-01	1.3875995062289834e-01	1.4934313506826477e-01	8.5667384120766701e-02	-2.6936077519437003e-02	1.1260346164020370e-01	-6.9769769579820354e-02	-5.2915922226832125e-03	7.0716413456059085e-03	1.9614844595961491e-02	1.6879063643586652e-02	2.7357809523748363e-03
108                     	2.8835314834574977e-01	1.3900389872289914e-01	1.4934924962285059e-01	8.7467323657966931e-02	-2.6893364835008080e-02	1.1436068849297502e-01	-7.0627026663991538e-02	-5.1726754499757249e-03	7.2579280468117969e-03	2.0434899634895008e-02	1.7475377864259303e-02	2.9595217706357073e-03
109                     	2.8854002758118646e-01	1.3914772474655171e-01	1.4939230283463473e-01	8.7158113500923479e-02	-2.7601360487761937e-02	1.1475947398868541e-01	-7.1180417238223673e-02	-5.1222890440414948e-03	7.0460721467414658e-03	2.1400607999840379e-02	1.7746376146661656e-02	3.6542318531787238e-03
110                     	2.8853038521142083e-01	1.3914930345975501e-01	1.4938108175166581e-01	8.5175356364415047e-02	-2.8753604802116493e-02	1.1392896116653153e-01	-7.1341282984324017e-02	-5.1158891459553869e-03	6.4468720486800237e-03	2.2424664028230124e-02	1.7659204062795086e-02	4.7654599654350380e-03
111                     	2.8825901044927371e-01	1.3901394604261941e-01	1.4924506440665433e-01	8.1730385744283582e-02	-3.0222434280846679e-02	1.1195282002513025e-01	-7.1087627152988470e-02	-5.1155591820174554e-03	5.5200210159643531e-03	2.3326656237423259e-02	1.7183349134675986e-02	6.1433071027472775e-03
112                     	2.8779135387001431e-01	1.3874696913121379e-01	1.4904438473880052e-01	7.7239165156723494e-02	-3.1825051112336612e-02	1.0906421626906011e-01	-7.0444633690698366e-02	-5.1487078037933528e-03	4.3852817327287279e-03	2.3953561810220382e-02	1.6362062637838921e-02	7.5914991723814631e-03
113                     	2.8711843127661474e-01	1.3826715135194392e-01	1.4885127992467079e-01	7.2662085079698929e-02	-3.3285142694254019e-02	1.0594722777395295e-01	-6.9616185234103484e-02	-5.2920642863634156e-03	3.1619300962543837e-03	2.4169530469686076e-02	1.5246695331097421e-02	8.9228351385886549e-03
114                     	2.8616066586420558e-01	1.3751589311590651e-01	1.4864477274829910e-01	6.9237412618677135e-02	-3.4192236621151686e-02	1.0342964923982882e-01	-6.8810942930490254e-02	-5.5644398161962972e-03	1.9775542561228220e-03	2.3844591209740165e-02	1.3899849860992903e-02	9.9447413487472602e-03
115                     	2.8492557687874648e-01	1.3656025194513480e-01	1.4836532493361171e-01	6.7361378618630785e-02	-3.4259091893429350e-02	1.0162047051206012e-01	-6.7939781202744742e-02	-5.9025364942384409e-03	9.4070738211621946e-04	2.2862827658658550e-02	1.2372121211445493e-02	1.0490706447213055e-02
116                     	2.8346736177753029e-01	1.3551433207741398e-01	1.4795302970011634e-01	6.6130255713698669e-02	-3.3984341760972286e-02	1.0011459747467095e-01	-6.7049469617821614e-02	-6.2193488113511742e-03	8.8398780243198843e-05	2.1324988077007948e-02	1.0750892818747172e-02	1.0574095258260776e-02
117                     	2.8195137310783247e-01	1.3448885198475280e-01	1.4746252112307970e-01	6.4921242074769278e-02	-3.3663667047870757e-02	9.8584909122640035e-02	-6.6124288085255403e-02	-6.4868345691634554e-03	-5.9862363431333325e-04	1.9505360785230658e-02	9.1540567583019965e-03	1.0351304026928663e-02
118                     	2.8052503410789209e-01	1.3355157520402675e-01	1.4697345890386534e-01	6.3617071326781779e-02	-3.3397726427611039e-02	9.7014797754392826e-02	-6.5206262091001929e-02	-6.7109418499192970e-03	-1.1849275108054382e-03	1.7727275002510669e-02	7.6787099904498963e-03	1.0048565012060773e-02
119                     	2.7933526415852539e-01	1.3279565566041795e-01	1.4653960849810749e-01	6.2023789840178797e-02	-3.3426797868141955e-02	9.5450587708320739e-02	-6.4438692788231347e-02	-6.8719764188447524e-03	-1.7652348615486524e-03	1.6259693373805593e-02	6.3646118253541453e-03	9.8950815484514492e-03
120                     	2.7859904070722902e-01	1.3233638070621198e-01	1.4626266000101701e-01	5.9927443140699817e-02	-3.3882316915538467e-02	9.3809760056238284e-02	-6.3846038485888379e-02	-6.9631396474025180e-03	-2.4428721152314312e-03	1.5261352280776356e-02	5.1878040251567455e-03	1.0073548255619609e-02
121                     	2.7847593402938903e-01	1.3222192848540934e-01	1.4625400554397969e-01	5.7682584648758833e-02	-3.4415920462773378e-02	9.2098505111532225e-02	-6.3257212787152794e-02	-7.0160385292851561e-03	-3.2822048074185586e-03	1.4813210908318920e-02	4.1244006467409016e-03	1.0688810261578020e-02
122                     	2.7895309343101549e-01	1.3244192382162923e-01	1.4651116960938626e-01	5.5663923951492229e-02	-3.4821623146207008e-02	9.0485547097699237e-02	-6.2653585121953126e-02	-7.0346228938785163e-03	-4.2160281076771746e-03	1.4765386365904130e-02	3.1666650752748909e-03	1.1598721290629239e-02
123                     	2.7997073529748195e-01	1.3296269782604386e-01	1.4700803747143809e-01	5.3501302702072602e-02	-3.5464914516785483e-02	8.8966217218858099e-02	-6.2215565867821787e-02	-7.0226698226971210e-03	-5.1305294440394970e-03	1.4825058406926930e-02	2.2819997594239684e-03	1.2543058647502962e-02
124                     	2.8147351167253992e-01	1.3374149078170006e-01	1.4773202089083987e-01	5.0854803297629730e-02	-3.6714242520615184e-02	8.7569045818244914e-02	-6.2141644169430049e-02	-6.9952650545698977e-03	-5.9069023528513535e-03	1.4697732929650889e-02	1.4419641119740906e-03	1.3255768817676799e-02
125                     	2.8333347959214772e-01	1.3468280601820604e-01	1.4865067357394168e-01	4.7729711686259196e-02	-3.8749885795202173e-02	8.6479597481461376e-02	-6.2614741638331778e-02	-6.9839337778678217e-03	-6.5026462858868827e-03	1.4182124257966670e-02	5.8841584309645171e-04	1.3593708414870218e-02
126                     	2.8534928371222157e-01	1.3565545288109113e-01	1.4969383083113041e-01	4.4366446592571107e-02	-4.1639951090316936e-02	8.6006397682888036e-02	-6.3823174386602483e-02	-7.0191889750196284e-03	-6.9588150263264186e-03	1.3222573244374132e-02	-3.4752840413935279e-04	1.3570101648513485e-02
127                     	2.8717749440170420e-01	1.3648176270525447e-01	1.5069573169644976e-01	4.1316103676671871e-02	-4.5197229492316623e-02	8.6513333168988502e-02	-6.5855281330652563e-02	-7.1069844955976335e-03	-7.3382710163124119e-03	1.1871565170280506e-02	-1.4024884311721593e-03	1.3274053601452665e-02
128                     	2.8854171672603524e-01	1.3705635983043857e-01	1.5148535689559667e-01	3.9433778901228317e-02	-4.8818407522348090e-02	8.8252186423576406e-02	-6.8535296972962248e-02	-7.2144985325790553e-03	-7.6319540080571876e-03	1.0240556401751246e-02	-2.5116758071815652e-03	1.2752232208932811e-02
129                     	2.8933673702271262e-01	1.3740280870384150e-01	1.5193392831887112e-01	3.9136498830658395e-02	-5.2015767193748008e-02	9.1152266024406403e-02	-7.1584016609077206e-02	-7.2655598075147950e-03	-7.7681652542720093e-03	8.4929623652768380e-03	-3.5216840716335903e-03	1.2014646436910430e-02
130                     	2.8958314881600195e-01	1.3759553026193827e-01	1.5198761855406370e-01	4.0370319403269690e-02	-5.4534766701118176e-02	9.4905086104387873e-02	-7.4719926402753017e-02	-7.1960441460627153e-03	-7.6669884347812644e-03	6.7735328469691602e-03	-4.2802220112966843e-03	1.1053754858265845e-02
131                     	2.8944348040424428e-01	1.3775652911067368e-01	1.5168695129357060e-01	4.3667363664120662e-02	-5.6027415115273357e-02	9.9694778779394033e-02	-7.7861096947333702e-02	-6.9652110914484571e-03	-7.3366269621854717e-03	5.2468164296654244e-03	-4.7132187473527586e-03	9.9600351770181839e-03
132                     	2.8912067485166348e-01	1.3795850275664565e-01	1.5116217209501787e-01	4.9114361253547720e-02	-5.6466092204534551e-02	1.0558045345808226e-01	-8.1023272831308404e-02	-6.6018346691861024e-03	-6.8435720169436887e-03	4.2011136336451253e-03	-4.7430152001211260e-03	8.9441288337662513e-03
133                     	2.8871896964674637e-01	1.3821584766344744e-01	1.5050312198329893e-01	5.6513988871458608e-02	-5.5978678668811836e-02	1.1249266754027044e-01	-8.4235673104541137e-02	-6.1436371599257336e-03	-6.2693067393565323e-03	3.7848246720422495e-03	-4.3768944033354077e-03	8.1617190753776568e-03
134                     	2.8829200053671888e-01	1.3852558912359700e-01	1.4976641141312189e-01	6.5160331410137648e-02	-5.4872252292115037e-02	1.2003258370225270e-01	-8.7452417997183868e-02	-5.6204111447624473e-03	-5.6707986676941624e-03	4.0009301196110110e-03	-3.6703336078886565e-03	7.6712637274996675e-03
135                     	2.8788300472727629e-01	1.3883676164102360e-01	1.4904624308625269e-01	7.3748737611612603e-02	-5.3662343106834084e-02	1.2741108071844667e-01	-9.0536711912640372e-02	-5.1047407226145541e-03	-5.0842078012816386e-03	4.8345142750667851e-03	-2.6669506637482460e-03	7.5014649388150311e-03
136                     	2.8748182425768920e-01	1.3907232607207440e-01	1.4840949818561480e-01	8.1068341816282155e-02	-5.2797925217941757e-02	1.3386626703422391e-01	-9.3332096126082842e-02	-4.6685860567702055e-03	-4.5250460085853230e-03	6.0733403420925513e-03	-1.4883758375390471e-03	7.5617161796315982e-03
137                     	2.8711436948077718e-01	1.3925663515834646e-01	1.4785773432243068e-01	8.6341063718082173e-02	-5.2323735229948244e-02	1.3866479894803041e-01	-9.5494267088989337e-02	-4.3005495820421071e-03	-3.9942933869218621e-03	7.3663469197337910e-03	-3.1111992705496697e-04	7.6774668467887580e-03
138                     	2.8681392737273398e-01	1.3947365866129044e-01	1.4734026871144354e-01	8.9341758738710475e-02	-5.1950258516223889e-02	1.4129201725493437e-01	-9.6621137885579134e-02	-3.9333050250765665e-03	-3.5302972547112139e-03	8.3620818581214562e-03	6.5074367434951401e-04	7.7113381837719411e-03
139                     	2.8662614961390126e-01	1.3979641461851286e-01	1.4682973499538843e-01	9.0334775693535138e-02	-5.1265731145157541e-02	1.4160050683869269e-01	-9.6433118991925110e-02	-3.5166601884377749e-03	-3.1767357375053523e-03	8.8562324356615176e-03	1.2513804803254063e-03	7.6048519553361116e-03
140                     	2.8658256291723505e-01	1.4028079389879508e-01	1.4630176901843997e-01	8.9941991571797469e-02	-5.0027340706771721e-02	1.3996933227856920e-01	-9.4998336492670463e-02	-3.0104875598224493e-03	-2.9784804656053871e-03	8.8027039144040250e-03	1.4228714915966250e-03	7.3798324228073996e-03
141                     	2.8679873394934291e-01	1.4091541517705364e-01	1.4588331877228930e-01	8.8255371316248402e-02	-4.8767951553471293e-02	1.3702332286971969e-01	-9.2895637211595494e-02	-2.4839517976178570e-03	-2.9387382334103169e-03	8.2281993155530250e-03	1.1753614243661956e-03	7.0528378911868285e-03
142                     	2.8732547219834159e-01	1.4169108547401407e-01	1.4563438672432752e-01	8.6176755085999923e-02	-4.7556906138160243e-02	1.3373366122416017e-01	-9.0645283681160205e-02	-1.9716506251567208e-03	-3.0267531009738097e-03	7.1812296822842125e-03	5.6386174016829658e-04	6.6173679421159164e-03
143                     	2.8809194486381190e-01	1.4253482345529578e-01	1.4555712140851612e-01	8.4601904629305807e-02	-4.6325100593036135e-02	1.3092700522234194e-01	-8.8626052907689032e-02	-1.5111489766101737e-03	-3.1690218740286955e-03	5.8188442164165818e-03	-2.5959976582040455e-04	6.0784439822369855e-03
144                     	2.8893161618081620e-01	1.4333175432391931e-01	1.4559986185689688e-01	8.4005978257601518e-02	-4.5009816700171068e-02	1.2901579495777260e-01	-8.7012805828971834e-02	-1.1340537664887775e-03	-3.2664691460240125e-03	4.3105407817262183e-03	-1.1111987551609033e-03	5.4217395368871216e-03
145                     	2.8970840861393471e-01	1.4401314086257058e-01	1.4569526775136410e-01	8.4708849958980328e-02	-4.3372472470668728e-02	1.2808132242964904e-01	-8.5726897450158893e-02	-8.4106344439674669e-04	-3.2705095778555594e-03	2.7909760184227257e-03	-1.8750215686441966e-03	4.6659975870669218e-03
146                     	2.9037855027554876e-01	1.4455908814932922e-01	1.4581946212621952e-01	8.6624951074926460e-02	-4.1298650298978834e-02	1.2792360137390529e-01	-8.4611125836442064e-02	-6.3018698844513697e-04	-3.1687050361597384e-03	1.4273364865936009e-03	-2.4550367928629375e-03	3.8823732794565388e-03
147                     	2.9092931409289952e-01	1.4498596843562664e-01	1.4594334565727285e-01	8.9559236566445849e-02	-3.8835046575062170e-02	1.2839428314150803e-01	-8.3614664858285101e-02	-4.7868861082311015e-04	-3.0308673351696520e-03	3.4009306468344580e-04	-2.8608208028279292e-03	3.2009138675113753e-03
148                     	2.9133812318519314e-01	1.4532921237372762e-01	1.4600891081146553e-01	9.3281579871855480e-02	-3.6104255121006679e-02	1.2938583499286216e-01	-8.2745045056934419e-02	-3.3984921886895403e-04	-2.9592811693597075e-03	-5.5508960577908958e-04	-3.2368259722492521e-03	2.6817363664701629e-03
149                     	2.9163490818974097e-01	1.4563486521813654e-01	1.4600004297160443e-01	9.7178795381507574e-02	-3.3415037274256827e-02	1.3059383265576438e-01	-8.2004434965010614e-02	-1.8258887673395138e-04	-3.0384817335124470e-03	-1.2959570927434118e-03	-3.6864602798841527e-03	2.3905031871407408e-03
150                     	2.9187596691164680e-01	1.4592304596091898e-01	1.4595292095072782e-01	1.0042949829083829e-01	-3.1342265248437057e-02	1.3177176353927533e-01	-8.1557014393856209e-02	-1.4937494904393431e-05	-3.2602143810518450e-03	-1.8355082001742726e-03	-4.1779684811389817e-03	2.3424602809647087e-03
